35        Partition function for doubly bromine
     temp (K)     Z_BrIII
        1.000       4.000
      200.000       4.000
      400.000       4.000
      600.000       4.000
      800.000       4.000
     1000.000       4.000
     1200.000       4.000
     1400.000       4.000
     1600.000       4.000
     1800.000       4.000
     2000.000       4.000
     2200.000       4.000
     2400.000       4.001
     2600.000       4.002
     2800.000       4.003
     3000.000       4.005
     3200.000       4.009
     3400.000       4.013
     3600.000       4.019
     3800.000       4.026
     4000.000       4.035
     4200.000       4.046
     4400.000       4.059
     4600.000       4.074
     4800.000       4.091
     5000.000       4.110
     5200.000       4.131
     5400.000       4.154
     5600.000       4.179
     5800.000       4.207
     6000.000       4.236
     6200.000       4.268
     6400.000       4.301
     6600.000       4.336
     6800.000       4.373
     7000.000       4.411
     7200.000       4.451
     7400.000       4.493
     7600.000       4.536
     7800.000       4.581
     8000.000       4.626
     8200.000       4.674
     8400.000       4.722
     8600.000       4.771
     8800.000       4.821
     9000.000       4.873
     9200.000       4.925
     9400.000       4.978
     9600.000       5.032
     9800.000       5.086
    10000.000       5.141
    10200.000       5.197
    10400.000       5.253
    10600.000       5.310
    10800.000       5.367
    11000.000       5.425
    11200.000       5.483
    11400.000       5.542
    11600.000       5.600
    11800.000       5.659
    12000.000       5.718
    12200.000       5.778
    12400.000       5.837
    12600.000       5.897
    12800.000       5.956
    13000.000       6.016
       -1.000       0.000
Energy levels of Br III from nist.gov April 2002.

