27        Partition function for doubly ionized cobalt
     temp (K)     Z_CoIII
        1.000      10.000
      200.000      10.019
      400.000      10.425
      600.000      11.295
      800.000      12.343
     1000.000      13.401
     1200.000      14.397
     1400.000      15.308
     1600.000      16.128
     1800.000      16.864
     2000.000      17.525
     2200.000      18.118
     2400.000      18.653
     2600.000      19.138
     2800.000      19.579
     3000.000      19.982
     3200.000      20.354
     3400.000      20.699
     3600.000      21.020
     3800.000      21.323
     4000.000      21.610
     4200.000      21.884
     4400.000      22.147
     4600.000      22.402
     4800.000      22.651
     5000.000      22.895
     5200.000      23.136
     5400.000      23.374
     5600.000      23.612
     5800.000      23.849
     6000.000      24.087
     6200.000      24.326
     6400.000      24.566
     6600.000      24.809
     6800.000      25.054
     7000.000      25.302
     7200.000      25.552
     7400.000      25.806
     7600.000      26.063
     7800.000      26.322
     8000.000      26.586
     8200.000      26.852
     8400.000      27.121
     8600.000      27.394
     8800.000      27.670
     9000.000      27.949
     9200.000      28.231
     9400.000      28.516
     9600.000      28.803
     9800.000      29.094
    10000.000      29.387
    10200.000      29.683
    10400.000      29.981
    10600.000      30.282
    10800.000      30.585
    11000.000      30.890
    11200.000      31.198
    11400.000      31.508
    11600.000      31.820
    11800.000      32.134
    12000.000      32.450
    12200.000      32.767
    12400.000      33.087
    12600.000      33.408
    12800.000      33.731
    13000.000      34.056
       -1.000       0.000
Energy levels of Co III from nist.gov April 2002.

