66        Partition function for doubly ionized dysprosium
temp (K)  Z_DyIII
  001.000  17.000
  200.000  17.000
  400.000  17.000
  600.000  17.001
  800.000  17.008
  1000.000  17.038
  1200.000  17.105
  1400.000  17.218
  1600.000  17.381
  1800.000  17.591
  2000.000  17.847
  2200.000  18.144
  2400.000  18.478
  2600.000  18.844
  2800.000  19.239
  3000.000  19.660
  3200.000  20.104
  3400.000  20.570
  3600.000  21.057
  3800.000  21.564
  4000.000  22.092
  4200.000  22.640
  4400.000  23.210
  4600.000  23.804
  4800.000  24.422
  5000.000  25.066
  5200.000  25.738
  5400.000  26.440
  5600.000  27.174
  5800.000  27.941
  6000.000  28.743
  6200.000  29.582
  6400.000  30.459
  6600.000  31.375
  6800.000  32.332
  7000.000  33.330
  7200.000  34.371
  7400.000  35.455
  7600.000  36.582
  7800.000  37.753
  8000.000  38.969
  8200.000  40.228
  8400.000  41.532
  8600.000  42.879
  8800.000  44.270
  9000.000  45.704
  9200.000  47.181
  9400.000  48.699
  9600.000  50.259
  9800.000  51.860
  10000.000  53.500
  10200.000  55.179
  10400.000  56.897
  10600.000  58.651
  10800.000  60.442
  11000.000  62.268
  11200.000  64.128
  11400.000  66.021
  11600.000  67.946
  11800.000  69.903
  12000.000  71.889
  12200.000  73.905
  12400.000  75.949
  12600.000  78.020
  12800.000  80.117
  13000.000  82.239
     -1.000   0.000

Energy levels of Dy III are from Spector, Sugar, and Wyart, JOSAB vol 14
  p 511 (1997).


