68        Partition function for doubly ionized aluminum
     temp (K)     Z_ErIII
  001.000  13.000
  200.000  13.000
  400.000  13.000
  600.000  13.000
  800.000  13.001
  1000.000  13.006
  1200.000  13.023
  1400.000  13.057
  1600.000  13.115
  1800.000  13.199
  2000.000  13.311
  2200.000  13.451
  2400.000  13.618
  2600.000  13.811
  2800.000  14.029
  3000.000  14.270
  3200.000  14.535
  3400.000  14.823
  3600.000  15.135
  3800.000  15.470
  4000.000  15.830
  4200.000  16.215
  4400.000  16.627
  4600.000  17.067
  4800.000  17.537
  5000.000  18.038
  5200.000  18.571
  5400.000  19.139
  5600.000  19.742
  5800.000  20.381
  6000.000  21.059
  6200.000  21.775
  6400.000  22.532
  6600.000  23.329
  6800.000  24.168
  7000.000  25.048
  7200.000  25.972
  7400.000  26.938
  7600.000  27.947
  7800.000  28.999
  8000.000  30.094
  8200.000  31.232
  8400.000  32.413
  8600.000  33.636
  8800.000  34.901
  9000.000  36.207
  9200.000  37.555
  9400.000  38.943
  9600.000  40.370
  9800.000  41.836
  10000.000  43.341
  10200.000  44.883
  10400.000  46.462
  10600.000  48.076
  10800.000  49.725
  11000.000  51.409
  11200.000  53.125
  11400.000  54.874
  11600.000  56.654
  11800.000  58.465
  12000.000  60.305
  12200.000  62.174
  12400.000  64.071
  12600.000  65.994
  12800.000  67.944
  13000.000  69.918
     -1.000   0.000
Energy levels of Er III are from Wyart et al., Physica Scripta vol 56, p 446
  (1997).






James E. Lawler
Arthur and Aurelia Schawlow Professor of Physics
University of Wisconsin
1150 University Ave.
Madison, WI 53706

tele: 608 262 2918
fax:  608 265 2334

