67        Bord & Cowley partition functions for Ho IIr
     temp (K)     Z_HoII
         1.000  17.0000
       200.000  17.0000
       400.000  18.0000
       600.000  19.0000
       800.000  20.0000
      1000.000  21.0000
      1200.000  22.0000
      1400.000  23.0000
      1600.000  24.0000
      1800.000  25.0000
      2000.000  26.0000
      2200.000  27.0000
      2400.000  28.0000
      2600.000  29.0000
      2800.000  30.0000
      3000.000  31.0000
      3200.000  32.0537
      3400.000  33.1034
      3600.000  34.3603
      3800.000  35.8227
      4000.000  37.4932
      4200.000  39.3777
      4400.000  41.4843
      4600.000  43.8226
      4800.000  46.4038
      5000.000  49.2397
      5200.000  52.3433
      5400.000  55.7279
      5600.000  59.4077
      5800.000  63.3970
      6000.000  67.7106
      6200.000  72.3636
      6400.000  77.3712
      6600.000  82.7490
      6800.000  88.5126
      7000.000  94.6775
      7200.000 101.2596
      7400.000 108.2745
      7600.000 115.7379
      7800.000 123.6655
      8000.000 132.0726
      8200.000 140.9748
      8400.000 150.3872
      8600.000 160.3248
      8800.000 170.8026
      9000.000 181.8350
      9200.000 193.4363
      9400.000 205.6207
      9600.000 218.4018
      9800.000 231.7931
     10000.000 245.8075
     10200.000 260.4579
     10400.000 275.7564
     10600.000 291.7152
     10800.000 308.3456
     11000.000 325.6588
     11200.000 343.6654
     11400.000 362.3758
     11600.000 381.7996
     11800.000 401.9463
     12000.000 422.8246
     12200.000 444.4430
     12400.000 466.8094
     12600.000 489.9311
     12800.000 513.8152
     13000.000 538.4681
        -1.000   0.0000



