42        Partition function for doubly ionized molybdenum
temp (K)  Z_MoIII
  001.000  1.000
  200.000  1.568
  400.000  2.804
  600.000  4.159
  800.000  5.529
  1000.000  6.841
  1200.000  8.055
  1400.000  9.159
  1600.000  10.155
  1800.000  11.051
  2000.000  11.859
  2200.000  12.590
  2400.000  13.256
  2600.000  13.868
  2800.000  14.437
  3000.000  14.970
  3200.000  15.478
  3400.000  15.965
  3600.000  16.440
  3800.000  16.907
  4000.000  17.371
  4200.000  17.834
  4400.000  18.302
  4600.000  18.775
  4800.000  19.255
  5000.000  19.745
  5200.000  20.245
  5400.000  20.757
  5600.000  21.279
  5800.000  21.814
  6000.000  22.360
  6200.000  22.919
  6400.000  23.488
  6600.000  24.070
  6800.000  24.662
  7000.000  25.265
  7200.000  25.879
  7400.000  26.502
  7600.000  27.135
  7800.000  27.776
  8000.000  28.427
  8200.000  29.085
  8400.000  29.751
  8600.000  30.423
  8800.000  31.103
  9000.000  31.789
  9200.000  32.481
  9400.000  33.179
  9600.000  33.882
  9800.000  34.590
  10000.000  35.303
  10200.000  36.020
  10400.000  36.741
  10600.000  37.466
  10800.000  38.195
  11000.000  38.927
  11200.000  39.663
  11400.000  40.401
  11600.000  41.143
  11800.000  41.887
  12000.000  42.633
  12200.000  43.383
  12400.000  44.134
  12600.000  44.888
  12800.000  45.643
  13000.000  46.401
     -1.000   0.000

Energy levels of Mo III are from nist.gov Jan 4, 2003





James E. Lawler
Arthur and Aurelia Schawlow Professor of Physics
University of Wisconsin
1150 University Ave.
Madison, WI 53706

tele: 608 262 2918
fax:  608 265 2334

