11        Partition function for doubly ionized sodium
     temp (K)     Z_NaIII
  001.000  4.000
  200.000  4.000
  400.000  4.015
  600.000  4.076
  800.000  4.171
  1000.000  4.280
  1200.000  4.389
  1400.000  4.491
  1600.000  4.585
  1800.000  4.671
  2000.000  4.748
  2200.000  4.818
  2400.000  4.882
  2600.000  4.939
  2800.000  4.991
  3000.000  5.039
  3200.000  5.082
  3400.000  5.122
  3600.000  5.158
  3800.000  5.192
  4000.000  5.223
  4200.000  5.252
  4400.000  5.279
  4600.000  5.304
  4800.000  5.328
  5000.000  5.350
  5200.000  5.370
  5400.000  5.390
  5600.000  5.408
  5800.000  5.425
  6000.000  5.441
  6200.000  5.457
  6400.000  5.471
  6600.000  5.485
  6800.000  5.498
  7000.000  5.510
  7200.000  5.522
  7400.000  5.533
  7600.000  5.544
  7800.000  5.554
  8000.000  5.564
  8200.000  5.574
  8400.000  5.583
  8600.000  5.591
  8800.000  5.600
  9000.000  5.608
  9200.000  5.615
  9400.000  5.623
  9600.000  5.630
  9800.000  5.636
  10000.000  5.643
  10200.000  5.649
  10400.000  5.656
  10600.000  5.661
  10800.000  5.667
  11000.000  5.673
  11200.000  5.678
  11400.000  5.683
  11600.000  5.688
  11800.000  5.693
  12000.000  5.698
  12200.000  5.702
  12400.000  5.707
  12600.000  5.711
  12800.000  5.715
  13000.000  5.719
     -1.000  0.000
Energy levels of Na III from nist.gov April 2002. A missing level
above 540,000  cm_1 was added with no effect on the partition function

