07        Partition function for doubly ionized nitrogen
     temp (K)     Z_NIII
  001.000  2.000
  200.000  3.141
  400.000  4.136
  600.000  4.633
  800.000  4.923
  1000.000  5.112
  1200.000  5.245
  1400.000  5.344
  1600.000  5.419
  1800.000  5.480
  2000.000  5.528
  2200.000  5.569
  2400.000  5.603
  2600.000  5.632
  2800.000  5.657
  3000.000  5.679
  3200.000  5.698
  3400.000  5.715
  3600.000  5.731
  3800.000  5.744
  4000.000  5.757
  4200.000  5.768
  4400.000  5.778
  4600.000  5.788
  4800.000  5.796
  5000.000  5.804
  5200.000  5.812
  5400.000  5.818
  5600.000  5.825
  5800.000  5.831
  6000.000  5.836
  6200.000  5.841
  6400.000  5.846
  6600.000  5.851
  6800.000  5.855
  7000.000  5.859
  7200.000  5.863
  7400.000  5.867
  7600.000  5.870
  7800.000  5.874
  8000.000  5.877
  8200.000  5.880
  8400.000  5.883
  8600.000  5.886
  8800.000  5.889
  9000.000  5.891
  9200.000  5.894
  9400.000  5.897
  9600.000  5.899
  9800.000  5.902
  10000.000  5.904
  10200.000  5.907
  10400.000  5.909
  10600.000  5.911
  10800.000  5.914
  11000.000  5.916
  11200.000  5.919
  11400.000  5.922
  11600.000  5.924
  11800.000  5.927
  12000.000  5.930
  12200.000  5.933
  12400.000  5.936
  12600.000  5.939
  12800.000  5.942
  13000.000  5.945
     -1.000  0.000
Energy levels of N III from nist.gov April 2002.


