21        Partition function for doubly ionized scandium
     temp (K)     Z_ScIII
        1.000       4.000
      200.000       5.448
      400.000       6.947
      600.000       7.735
      800.000       8.205
     1000.000       8.515
     1200.000       8.734
     1400.000       8.897
     1600.000       9.023
     1800.000       9.123
     2000.000       9.205
     2200.000       9.272
     2400.000       9.330
     2600.000       9.378
     2800.000       9.421
     3000.000       9.457
     3200.000       9.490
     3400.000       9.519
     3600.000       9.544
     3800.000       9.568
     4000.000       9.588
     4200.000       9.608
     4400.000       9.625
     4600.000       9.641
     4800.000       9.656
     5000.000       9.670
     5200.000       9.682
     5400.000       9.694
     5600.000       9.706
     5800.000       9.716
     6000.000       9.727
     6200.000       9.736
     6400.000       9.746
     6600.000       9.755
     6800.000       9.763
     7000.000       9.772
     7200.000       9.780
     7400.000       9.788
     7600.000       9.796
     7800.000       9.803
     8000.000       9.811
     8200.000       9.818
     8400.000       9.826
     8600.000       9.833
     8800.000       9.840
     9000.000       9.847
     9200.000       9.855
     9400.000       9.862
     9600.000       9.869
     9800.000       9.876
    10000.000       9.883
    10200.000       9.890
    10400.000       9.898
    10600.000       9.905
    10800.000       9.912
    11000.000       9.919
    11200.000       9.927
    11400.000       9.934
    11600.000       9.942
    11800.000       9.949
    12000.000       9.956
    12200.000       9.964
    12400.000       9.972
    12600.000       9.979
    12800.000       9.987
    13000.000       9.995
       -1.000       0.000
Energy levels of Sc III from nist.gov April 2002.

