62        Partition function for doubly ionized samarium
temp (K)  Z_SmIII
  001.000  1.000
  200.000  1.378
  400.000  2.347
  600.000  3.435
  800.000  4.603
  1000.000  5.836
  1200.000  7.112
  1400.000  8.409
  1600.000  9.705
  1800.000  10.983
  2000.000  12.228
  2200.000  13.434
  2400.000  14.594
  2600.000  15.707
  2800.000  16.771
  3000.000  17.789
  3200.000  18.761
  3400.000  19.690
  3600.000  20.580
  3800.000  21.432
  4000.000  22.249
  4200.000  23.034
  4400.000  23.791
  4600.000  24.521
  4800.000  25.228
  5000.000  25.914
  5200.000  26.580
  5400.000  27.231
  5600.000  27.866
  5800.000  28.490
  6000.000  29.103
  6200.000  29.708
  6400.000  30.305
  6600.000  30.898
  6800.000  31.487
  7000.000  32.073
  7200.000  32.659
  7400.000  33.244
  7600.000  33.832
  7800.000  34.421
  8000.000  35.014
  8200.000  35.611
  8400.000  36.213
  8600.000  36.821
  8800.000  37.435
  9000.000  38.057
  9200.000  38.685
  9400.000  39.321
  9600.000  39.965
  9800.000  40.618
  10000.000  41.279
  10200.000  41.950
  10400.000  42.629
  10600.000  43.317
  10800.000  44.015
  11000.000  44.722
  11200.000  45.438
  11400.000  46.164
  11600.000  46.898
  11800.000  47.642
  12000.000  48.395
  12200.000  49.157
  12400.000  49.927
  12600.000  50.706
  12800.000  51.494
  13000.000  52.290
     -1.000   0.000

Energy levels of Sm III from nist.gov June  2002.
Fake levels, 10 odd, and  5 even, between 14000 cm_1 and  54,000 cm_1
have been added to replace missing levels in nist.gov.
These levels changed the partition functions by 1.6% (11.6%) at
5000K (10000K).


