65        Partition function for doubly ionized terbium
temp (K)  Z_TbIII
  001.000  16.000
  200.000  16.000
  400.000  16.001
  600.000  16.017
  800.000  16.093
  1000.000  16.264
  1200.000  16.540
  1400.000  16.922
  1600.000  17.407
  1800.000  17.993
  2000.000  18.680
  2200.000  19.467
  2400.000  20.356
  2600.000  21.346
  2800.000  22.437
  3000.000  23.630
  3200.000  24.922
  3400.000  26.314
  3600.000  27.802
  3800.000  29.385
  4000.000  31.061
  4200.000  32.827
  4400.000  34.681
  4600.000  36.619
  4800.000  38.639
  5000.000  40.738
  5200.000  42.911
  5400.000  45.157
  5600.000  47.470
  5800.000  49.848
  6000.000  52.288
  6200.000  54.785
  6400.000  57.336
  6600.000  59.938
  6800.000  62.587
  7000.000  65.280
  7200.000  68.014
  7400.000  70.785
  7600.000  73.590
  7800.000  76.427
  8000.000  79.292
  8200.000  82.182
  8400.000  85.096
  8600.000  88.030
  8800.000  90.983
  9000.000  93.951
  9200.000  96.933
  9400.000  99.926
  9600.000  102.930
  9800.000  105.940
  10000.000  108.958
  10200.000  111.979
  10400.000  115.004
  10600.000  118.030
  10800.000  121.056
  11000.000  124.081
  11200.000  127.104
  11400.000  130.124
  11600.000  133.139
  11800.000  136.149
  12000.000  139.153
  12200.000  142.150
  12400.000  145.139
  12600.000  148.120
  12800.000  151.092
  13000.000  154.054
     -1.000    0.000
Energy levels of Tb III from nist.gov June 2002.
Fake levels, 8 odd and 5 even, between 10000 and 64000 cm_1
have been added to replace missing levels in nist.gov.
These levels changed the partition functions by 1.1% (2.5%) at
5000K (10000K).

