# Molecule   we           wexe                 weye               Be                alphae            Reference
H2      4401.213   18    121.336      18      0.8129     18     60.8530      18     3.0622      18      7
HD      3813.15    18     91.65        9      0.723       9     45.655        9     1.986        9      7
D2      3115.50     9      61.82       9      0.562       9     30.4436      18     1.0786       9      7
BeH     2061.235   15      37.327     22      0.084      17     10.31992      5     0.3084       2      22
BeD     1529.986   11      20.557     12      0.035       7      5.68830      3     0.1261       1      22
Be18O   1457.09    22      11.311     74      0.0143     83      1.5847       5     0.01784     15      33
BF      1402.15865 26      11.82106   15      0.051595   35      1.51674399  21     0.01904848  22      23
BH      2366.7296  16      49.33983   99      0.362      10     12.025755    45     0.421565    22      34
BO      1885.286   41      11.694     11     -0.00952    83      1.781110    31     0.016516    17      35
C2      1855.0663  63      13.6007    54     -0.116       2      1.820053    11     0.0179143   44      36
C2−     1781.189   18      11.6717    48      0.009981   28      1.74666     32     0.01651     46      37
CF      1307.93    37      11.08      12      0.093      15      1.41626     48     0.01844     17      38
CH      2860.7508  98      64.4387    85      0.3634     27     14.45988     20     0.53654     33      39
CD      2101.05193 55      34.72785   58      0.14147    10      7.8079823   55     0.212240    11      40
CN      2068.648   11      13.0971    68     -0.0124     17      1.89978316  67     0.0173720   12      41
CO      2169.75589  8      13.28803    2      0.0104109  14      1.9316023    7     0.01750513  14      42
CO+     2214.127   35      15.094     21     -0.0117     34      1.976941    39     0.018943    34      43and44
F2       916.929   10      11.3221    10     -0.10572    67      0.889294    11     0.0125952   24      45
HF      4138.3850   7      89.9432     7      0.92449    31     20.953712     2     0.7933704   65      46
Li2      351.4066  10       2.58324   41     -0.00583     7      0.6725297   50     0.0070461   16      47and48
LiF      910.57272 10       8.207956  46      0.569166   82      1.34525715  57     0.02028749  19      49
LiH     1405.49805 76      23.1679     7      0.17093    28      7.5137315    9     0.2163911   24      50
LiD     1054.93973 32      13.05777   21      0.075478   50      4.23308131  46     0.09149428  84      50
LiO      814.62    15       7.78      15       .          .      1.21282948  11     0.0178990   25      27
N2      2358.57     9      14.324      9     -0.00226     9      1.998241    18     0.017318     9      7
N2+     2207.0115  60      16.0616    23     -0.04289    25      1.93176      9     0.01881      9      vib,51.rot7
NF      1141.37     9       8.99       9       .          .      1.205679    53     0.014889    53      vib,7.rot52
NH      3282.72    10      79.04       8      0.367      23     16.66792      6     0.65038     17      53
ND      2399.126   30      42.106     21      0.1203     54      8.90867     15     0.25457     19      54
NO      1904.1346  18      14.08836   89      0.01005    20      1.7048885   21     0.0175416   14      55
NO+     2376.72    11      16.255     18     -0.01562    92      1.997195    89     0.018790    69      56
O2      1580.161    9      11.95127    9      0.0458489   9      1.44562      9     0.0159305    9      57
O2+     1905.892   82      16.489     13      0.02057    90      1.689824    91     0.019363    37      58
FO      1053.0138  12       9.9194    13     -0.06096    59      1.05870763  81     0.0132951   23      59
OH      3737.761   18      84.8813    18      0.5409     18     18.9108      18     0.7242       9      7
OD+     2271.80     9      44.235      9      0.4267     18      8.9116      18     0.2896       9      7
AlCl     481.77466 20       2.101811  88      0.006638   15      0.243930066 12     0.001611082 12      60
AlF      802.32447 11       4.849915  44      0.0195738  68      0.552480208 65     0.004984261 44      23
AlH     1682.37474 31      29.05098   29      0.24762    12      6.3937842   17     0.1870527   15      61
AlD     1211.77402 15      15.06477   11      0.09244     4      3.3183929    8     0.0698773    4      61
AlO      979.4852  50       7.0121    32     -0.00206    56      0.6413856   54     0.0057796    8      62
AlS      617.1169  33       3.3310    19     -0.00924    32      0.2800368   33     0.00178225  55      63
BCl      840.29472 63       5.49170   33      0.02995     7      0.684282    12     0.0068124   14      17
BeS      997.94     9       6.137      9       .          .      0.79059      9     0.00664      9      7
BS      1179.91     3       6.25       3     -0.0083     58      0.79478      5     0.00578      4      64
CCl      876.89749 69       5.44698   54      0.02607    15      0.697137    34     0.00685277  45      25
Cl2      559.751   20       2.69427   20     -0.003325    2      0.24415     20     0.001516    20      65
Cl2+     645.61     9       3.015      9      0.007       9      0.26950     18     0.00164      9      7
OM=1/2   644.77     9       2.988      9      .           .      0.2697       9     0.00167      9      7
ClF      783.4534  24       4.9487     6     -0.0176      1      0.5164805   31     0.0043385    8      66
ClO      853.64268 13       5.51828    6     -0.01256    30      0.62345797   4     0.0059357    1      28
CP      1239.79924  8       6.833769  46     -0.001377    7      0.79886775   8     0.00596933  19      67
CS      1285.15464 10       6.502605  53      0.003887    9      0.82004356   4     0.00591835   5      68
HCl     2990.9248  15      52.8000    15      0.21803    55     10.5933002   13     0.3069985   41      69
DCl     2145.1326  11      27.1593     7      0.07993    20      5.4487838    6     0.1132345   15      69
HCl+    2673.69     9      52.537      9       .          .      9.95661     18     0.32716     18      7
LiCl     642.95453 93       4.47253   40      0.020118   49      0.70652247  20     0.00801019  32      70
NaLi     256.5412  19       1.62271   96     -0.00495    22      0.3758620   89     0.0031465   15      30
Mg2       51.121   18       1.645      9      0.01624    18      0.09287      9     0.003776    18      7
MgH     1492.7763  36      29.847      4     -0.3048     20      5.8255229   41     0.177298    14      71
MgD     1077.2976  26      15.521      2     -0.1184      7      3.0343436   21     0.066607     5      71
MgO      785.2183   6       5.1327     3      0.01649     7      0.5748414    3     0.0053223    3      72
MgS      528.74     9       2.704      9       .          .      0.26797      9     0.00176      9      7
Na2      159.08548 44       0.70866   29     -0.004632   77      0.15473537  29     0.00086375  11      29
NaCl     364.6842   4       1.7761     2      0.005937   35      0.21806302   8     0.00162479   6      73
NaF      535.65805 21       3.57523   13      0.018453   34      0.43690153   7     0.00455918   7      74
NaH     1171.968   12      19.703     10      0.175       2      4.90327     13     0.1370       4      75
NCl      827.95767 75       5.30015   61     -0.00480    19      0.649767390 85     0.00641432  20      76
P2       780.77     9       2.835     18     -0.00462     9      0.30362      9     0.00149      9      7
P2+      672.20     9       2.74       9       .          .      0.27600     18     0.00151      9      7
PF       846.75     9       4.489      9      0.019       9      0.5667427   35     0.00456      9      7.but.Be77
PH      2363.774   36      43.907     27      0.1059     73      8.53904     19     0.25339     28      54
PN      1336.948   20       6.8958    57     -0.00605    48      0.7864844   28     0.0055337   36      78
PO      1233.34     9       6.56       9       .          .      0.733223657 22     0.005466162 50      vib,7.rot79
S2       725.7102  97       2.8582    25       .          .      0.29539516  30     0.00159754  59      80
SF       837.6418   5       4.46953   18       .          .      0.555173     4     0.004459    10      81
SH      2696.2475  58      48.7420    28      0.1124      6      9.600247    51     0.27990     10      82
Si2      510.98     9       2.02       9       .          .      0.2390       9     0.00135     18      7
SiCl     535.59     2       2.1757    50      0.00604    36      0.256103    14     0.0015817   72      83
SiF      857.32507 22       4.83419    9      0.019807   16      0.58125735  21     0.00503859  39      84and.Errata
SiH     2042.5229   8      36.0552     5      0.1254      1      7.503898    30     0.21814      2      85
SiH+    2157.17     9      34.24       9       .          .      7.6603       9     0.2096       9      7
SiN     1151.284   43       6.455     21     -0.0069     20      0.730927    15     0.005685    30      86.but.weye87
SiO     1241.54388  7       5.97437    2      0.006090    3      0.72675206   2     0.00503784   1      88
SiS      749.64559  7       2.58623    4      0.001048    9      0.303527856  6     0.001473130  3      88
SO      1150.7913  10       6.4096     5      0.01306    11      0.72082210   2     0.00575080   2      vib,89.rot90
