Luo vs HH
        Luo    HH     diff
  LuF   4.16   5.90   1.74   0.42
  H2-   0.15   1.50   1.35   9.00
  BCl   4.38   5.50   1.12   0.26
  NH+   4.48   3.39  -1.09  -0.24
  NS+   5.30   6.30   1.00   0.19
 HgH+   2.11   2.99   0.88   0.42
  C2+   6.20   5.32  -0.88  -0.14
   YF   7.06   6.20  -0.86  -0.12
  CBr   3.26   4.11   0.85   0.26
  AsH   2.80   3.60   0.80   0.28
  CaO   3.99   4.76   0.77   0.19
  CCl   4.08   3.34  -0.74  -0.18
 SiTe   3.98   4.64   0.66   0.17
   IO   2.45   1.80  -0.65  -0.27
 AuCl   2.87   3.50   0.63   0.22
   WO   7.42   6.80  -0.62  -0.08
  NiH   2.45   3.07   0.62   0.25
  GeH   2.69   3.30   0.61   0.23
  PbS   4.09   3.49  -0.60  -0.15
  CaH   2.28   1.70  -0.58  -0.25
  CN+   5.39   4.85  -0.54  -0.10
  YbF   5.33   4.80  -0.53  -0.10
  SrO   4.38   4.88   0.50   0.11
  TiH   2.08   1.60  -0.48  -0.23
  TaO   8.66   8.20  -0.46  -0.05
  TiS   4.29   4.75   0.46   0.11
  AlS   3.40   3.84   0.44   0.13
  NaF   4.91   5.33   0.42   0.09
 GeCl   4.01   4.40   0.39   0.10
  GeF   5.38   5.00  -0.38  -0.07
   CF   5.29   5.67   0.38   0.07
  SiF   5.94   5.57  -0.37  -0.06
  CrO   4.74   4.40  -0.34  -0.07
  C2-   8.14   8.48   0.34   0.04
  BrF   2.86   2.55  -0.31  -0.11
  NbO   7.49   7.80   0.31   0.04
 ZnH+   2.20   2.50   0.30   0.14
  InO   3.55   3.25  -0.30  -0.08
  LuO   6.89   7.19   0.30   0.04
 CdH+   1.82   2.10   0.28   0.15
  SeF   3.47   3.21  -0.26  -0.07
   BF   7.55   7.81   0.26   0.03
 ZnCl   2.33   2.10  -0.23  -0.10
 MnCl   3.47   3.70   0.23   0.07
  MnF   4.58   4.35  -0.23  -0.05
   SF   3.52   3.30  -0.22  -0.06
  AgH   2.06   2.28   0.22   0.11
   B2   2.80   3.02   0.22   0.08
  Al2   1.34   1.55   0.21   0.16
 AlSe   3.26   3.46   0.20   0.06
  PtO   4.02   3.82  -0.20  -0.05
  BeH   2.25   2.07  -0.19  -0.08
  GeS   5.49   5.67   0.18   0.03
 FeO-   4.05   4.23   0.18   0.04
  CsF   5.32   5.15  -0.17  -0.03
  PO+   8.24   8.41   0.17   0.02
 GeTe   4.07   4.24   0.17   0.04
  SeS   3.86   3.70  -0.16  -0.04
   C2   6.37   6.21  -0.16  -0.03
 GaCl   4.76   4.92   0.16   0.03
  NaO   2.76   2.60  -0.16  -0.06
   VO   6.57   6.41  -0.16  -0.02
  CuO   2.94   2.79  -0.15  -0.05
  TbO   7.16   7.30   0.14   0.02
  MgO   3.67   3.53  -0.14  -0.04
  AuH   3.36   3.22  -0.14  -0.04
 MgH+   1.94   2.08   0.14   0.07
  SeN   3.86   4.00   0.14   0.04
  CuH   2.60   2.73   0.13   0.05
 HgCl   0.92   1.04   0.12   0.14
   BH   3.54   3.42  -0.12  -0.03
 CaCl   4.20   4.09  -0.11  -0.03
  AlH   2.95   3.06   0.11   0.04
  AgF   3.53   3.64   0.11   0.03
  NiO   3.76   3.87   0.11   0.03
  BeO   4.49   4.60   0.11   0.02
  AlO   5.17   5.27   0.10   0.02
  MnH   2.60   2.50  -0.10  -0.04
 AlCl   5.22   5.12  -0.10  -0.02
 SiSe   5.54   5.64   0.10   0.02
  SbF   4.50   4.40  -0.10  -0.02
  CSe   6.08   5.98  -0.10  -0.02
   IF   2.78   2.88   0.10   0.04
 MgCl   3.20   3.29   0.09   0.03
   KH   1.77   1.86   0.09   0.05
  SH+   3.57   3.48  -0.09  -0.02
   PO   6.07   6.15   0.08   0.01
 He2+   2.45   2.37  -0.08  -0.03
  CdF   3.12   3.20   0.08   0.03
  RbF   5.08   5.00  -0.08  -0.02
  SiO   8.18   8.26   0.08   0.01
   HS   3.63   3.55  -0.08  -0.02
 SiH+   3.24   3.17  -0.07  -0.02
   NF   3.57   3.50  -0.07  -0.02
   YO   7.36   7.29  -0.07  -0.01
  OH+   5.02   5.09   0.07   0.01
 SiO+   4.91   4.98   0.07   0.01
  GaO   3.84   3.91   0.07   0.02
  SbO   4.46   4.39  -0.07  -0.02
  HfO   8.26   8.19  -0.07  -0.01
  YbH   1.86   1.93   0.07   0.04
  TeS   3.43   3.50   0.07   0.02
   BS   5.94   6.01   0.07   0.01
  BaF   5.98   6.05   0.07   0.01
  MgH   1.27   1.34   0.07   0.05
   BO   8.35   8.28  -0.07  -0.01
  AlF   6.96   6.89  -0.07  -0.01
 SiH-   2.89   2.95   0.06   0.02
  SiS   6.36   6.42   0.06   0.01
  SnO   5.43   5.49   0.06   0.01
  TlF   4.51   4.57   0.06   0.01
  BaS   4.30   4.36   0.06   0.01
  BiS   3.23   3.17  -0.06  -0.02
  InF   5.31   5.25  -0.06  -0.01
 RbCl   4.39   4.34  -0.05  -0.01
  BeF   5.90   5.85  -0.05  -0.01
  ZrO   7.90   7.85  -0.05  -0.01
  ThO   9.05   9.00  -0.05  -0.01
  IrC   6.50   6.45  -0.05  -0.01
 CuCl   3.88   3.93   0.05   0.01
  SiC   4.59   4.64   0.05   0.01
  Te2   2.63   2.68   0.04   0.02
  HS-   3.83   3.79  -0.04  -0.01
  SnH   2.69   2.73   0.04   0.01
  LiF   5.95   5.91  -0.04  -0.01
  P2+   4.95   4.99   0.04   0.01
 InCl   4.40   4.44   0.04   0.01
  TeO   3.86   3.90   0.04   0.01
 SrCl   4.20   4.16  -0.04  -0.01
 Ne2+   1.26   1.30   0.04   0.03
  SrF   5.54   5.58   0.04   0.01
  GaF   6.02   5.98  -0.04  -0.01
   KF   5.03   5.07   0.04   0.01
  ScO   6.92   6.96   0.04   0.01
   K2   0.55   0.51  -0.04  -0.07
  RhC   5.97   6.01   0.04   0.01
  SO+   5.39   5.43   0.04   0.01
  Si2   3.17   3.21   0.04   0.01
  CaF   5.45   5.48   0.03   0.01
  BrO   2.43   2.40  -0.03  -0.01
  CsH   1.78   1.81   0.03   0.02
  SnS   4.80   4.77  -0.03  -0.01
  CaS   3.43   3.46   0.03   0.01
   SO   5.33   5.36   0.03   0.01
  OH-   4.78   4.75  -0.03  -0.01
  Mg2   0.08   0.05  -0.03  -0.37
  CO+   8.37   8.34  -0.03  -0.00
   OH   4.42   4.39  -0.03  -0.01
   CO  11.12  11.09  -0.03  -0.00
  Se2   3.39   3.41   0.02   0.01
  GeO   6.80   6.78  -0.02  -0.00
  CN-  10.33  10.31  -0.02  -0.00
   CN   7.74   7.76   0.02   0.00
  Cs2   0.42   0.39  -0.02  -0.05
 LiCl   4.82   4.84   0.02   0.00
  GaH   2.82   2.84   0.02   0.01
  HoF   5.55   5.57   0.02   0.00
  KBr   3.89   3.91   0.02   0.01
  SbP   3.66   3.68   0.02   0.01
  SiH   3.04   3.06   0.02   0.01
 PbCl   3.08   3.10   0.02   0.01
  SeH   3.22   3.20  -0.02  -0.01
   PH   3.04   3.02  -0.02  -0.01
  CrS   3.39   3.37  -0.02  -0.01
  FeO   4.18   4.20   0.02   0.00
  PH+   3.38   3.36  -0.02  -0.01
  TlH   1.99   1.97  -0.02  -0.01
  Na2   0.74   0.72  -0.02  -0.02
  ClO   2.73   2.75   0.02   0.01
  Cu2   2.04   2.03  -0.01  -0.01
  PtH   3.39   3.40   0.01   0.00
  O2+   6.68   6.66  -0.01  -0.00
   FO   2.24   2.23  -0.01  -0.01
   NO   6.51   6.50  -0.01  -0.00
  ZrN   5.82   5.81  -0.01  -0.00
   KI   3.30   3.31   0.01   0.00
  BiO   3.46   3.47   0.01   0.00
  CuS   2.81   2.80  -0.01  -0.00
 TlCl   3.83   3.82  -0.01  -0.00
  MnO   3.71   3.70  -0.01  -0.00
  MgF   4.76   4.75  -0.01  -0.00
 ScCl   3.39   3.40   0.01   0.00
   YS   5.44   5.45   0.01   0.00
  SrS   3.47   3.48   0.01   0.00
  PbO   3.84   3.83  -0.01  -0.00
  CH-   3.44   3.44  -0.01  -0.00
  S2+   5.38   5.37  -0.01  -0.00
  SnF   4.89   4.90   0.01   0.00
  LaS   5.90   5.91   0.01   0.00
  AsO   4.97   4.98   0.01   0.00
  NaH   1.89   1.88  -0.01  -0.00
   N2   9.75   9.76   0.01   0.00
  Cl2   2.47   2.48   0.01   0.00
  N2+   8.71   8.71   0.01   0.00
  SeO   4.42   4.41  -0.00  -0.00
   CH   3.47   3.46  -0.00  -0.00
 BeH+   3.14   3.14  -0.00  -0.00
  PtC   6.28   6.28  -0.00  -0.00
   F2   1.61   1.60  -0.00  -0.00
 HCl+   4.66   4.65  -0.00  -0.00
  Li2   1.05   1.05  -0.00  -0.00
   HF   5.87   5.87   0.00   0.00
 NaCl   4.23   4.23  -0.00  -0.00
 GeSe   4.98   4.98  -0.00  -0.00
   I2   1.54   1.54   0.00   0.00
   P2   5.03   5.03   0.00   0.00
 HBr+   3.89   3.89   0.00   0.00
  HBr   3.76   3.76   0.00   0.00
  Sb2   3.09   3.09   0.00   0.00
  ICl   2.15   2.15   0.00   0.00
 BrCl   2.23   2.23  -0.00  -0.00
  HCl   4.43   4.43   0.00   0.00
   HI   3.05   3.05   0.00   0.00
   NS   4.80   4.80  -0.00  -0.00
  ScF   6.17   6.17  -0.00  -0.00
  TiO   6.87   6.87   0.00   0.00
  CdH   0.68   0.68   0.00   0.00
  ZnH   0.85   0.85   0.00   0.00
  InH   2.48   2.48  -0.00  -0.00
  LiO   3.49   3.49  -0.00  -0.00
  LaO   8.23   8.23  -0.00  -0.00
   O2   5.12   5.12  -0.00  -0.00
  H2+   2.65   2.65   0.00   0.00
  CH+   4.08   4.08   0.00   0.00
  LiH   2.43   2.43   0.00   0.00
   H2   4.48   4.48   0.00   0.00
   S2   4.37   4.37  -0.00  -0.00
  BaH   1.95   1.95   0.00   0.00
 CsCl   4.58   4.58   0.00   0.00
  As2   3.96   3.96   0.00   0.00
  HgH   0.37   0.37   0.00   0.00
 BaCl   4.55   4.55   0.00   0.00
  PbH   1.59   1.59   0.00   0.00
  BiH   2.90   2.90   0.00   0.00
  BaO   5.79   5.79   0.00   0.00
  NO+  10.85  10.85   0.00   0.00
   NH   3.47   3.47   0.00   0.00
   PS   4.54   4.54   0.00   0.00
  MgS   2.40   2.40   0.00   0.00
  BeS   3.80   3.80   0.00   0.00
  PbF   3.64   3.64   0.00   0.00
  HgF   1.80   1.80   0.00   0.00
  AsF   4.20   4.20   0.00   0.00
  SrH   1.66   1.66   0.00   0.00
  CuF   4.42   4.42   0.00   0.00
 AgCl   3.22   3.22   0.00   0.00
 CdCl   2.12   2.12   0.00   0.00
  TiN   4.90   4.90   0.00   0.00
   PN   6.36   6.36   0.00   0.00
   CP   5.28   5.28   0.00   0.00
   CS   7.36   7.36   0.00   0.00
  ScS   4.92   4.92   0.00   0.00
