HH vs G2
        HH     G2     diff
  MgO   3.53   2.57   0.96   0.26
  CCl   3.34   4.12  -0.78  -0.19
  BeS   3.80   3.23   0.56   0.15
  SiF   5.57   6.01  -0.44  -0.07
  NaF   5.33   4.97   0.36   0.07
  SiC   4.64   4.29   0.35   0.08
   BS   6.01   5.71   0.30   0.05
  O2+   6.66   6.37   0.30   0.04
  BeO   4.60   4.33   0.27   0.06
   PS   4.54   4.29   0.25   0.06
   SF   3.30   3.55  -0.25  -0.07
  S2+   5.37   5.14   0.23   0.04
   NF   3.50   3.30   0.20   0.06
  NaO   2.60   2.80  -0.20  -0.07
  MgF   4.75   4.56   0.19   0.04
   C2   6.21   6.40  -0.19  -0.03
  LiO   3.49   3.30   0.19   0.05
  MgS   2.40   2.23   0.17   0.07
   BH   3.42   3.59  -0.17  -0.05
  BCl   5.50   5.33   0.17   0.04
   S2   4.37   4.22   0.15   0.03
  SiS   6.42   6.29   0.13   0.02
  BeF   5.85   5.72   0.13   0.02
   CN   7.76   7.63   0.13   0.02
  OH-   4.75   4.88  -0.12  -0.03
   SO   5.36   5.24   0.12   0.02
 AlCl   5.12   5.24  -0.12  -0.02
  AlF   6.89   7.01  -0.12  -0.02
  P2+   4.99   4.88   0.11   0.02
  Na2   0.72   0.83  -0.11  -0.15
   NS   4.80   4.69   0.11   0.02
  CN-  10.31  10.41  -0.10  -0.01
   O2   5.12   5.01   0.10   0.02
  HS-   3.79   3.89  -0.10  -0.03
  ClO   2.75   2.65   0.10   0.04
   PO   6.15   6.05   0.10   0.02
   CO  11.09  11.19  -0.10  -0.01
  N2+   8.71   8.62   0.10   0.01
  BeH   2.07   1.97   0.09   0.04
   NH   3.47   3.38   0.09   0.03
  Li2   1.05   1.12  -0.08  -0.07
   PN   6.36   6.28   0.08   0.01
  AlH   3.06   3.13  -0.07  -0.03
  SiO   8.26   8.19   0.07   0.01
 HCl+   4.65   4.58   0.07   0.02
  NaH   1.88   1.95  -0.07  -0.04
  MgH   1.34   1.27   0.07   0.05
  Cl2   2.48   2.42   0.06   0.02
   P2   5.03   4.98   0.06   0.01
 SiH-   2.95   2.90   0.06   0.02
   N2   9.76   9.71   0.05   0.01
 NaCl   4.23   4.28  -0.05  -0.01
  LiF   5.91   5.96  -0.05  -0.01
   HS   3.55   3.59  -0.04  -0.01
   HF   5.87   5.91  -0.04  -0.01
   CF   5.67   5.71  -0.04  -0.01
   CS   7.36   7.39  -0.04  -0.01
 MgCl   3.29   3.25   0.04   0.01
   BO   8.28   8.32  -0.04  -0.00
   NO   6.50   6.53  -0.03  -0.01
  LiH   2.43   2.45  -0.03  -0.01
   CH   3.46   3.49  -0.03  -0.01
 LiCl   4.84   4.87  -0.03  -0.01
   PH   3.02   3.00   0.02   0.01
  Si2   3.21   3.19   0.02   0.01
  CO+   8.34   8.36  -0.02  -0.00
  HCl   4.43   4.45  -0.02  -0.00
   F2   1.60   1.59   0.02   0.01
   OH   4.39   4.41  -0.01  -0.00
   CP   5.28   5.29  -0.01  -0.00
  SiH   3.06   3.07  -0.01  -0.00
  HF+   3.42   3.43  -0.01*******
  PH+   3.36   3.35   0.00   0.00
  CH-   3.44   3.43   0.00   0.00
  SH+   3.48   3.48   0.00   0.00
