* NAT   NMOL
          92          14
H   13.598 99.990    1.008
                                     -358.5621       223.8558      -55.64625       6.897856     -0.4263866     0.01051471
                                      0.000000       0.000000       0.000000       0.000000       0.000000       0.000000
                                      0.000000       0.000000       0.000000       0.000000       0.000000       0.000000
HE  24.587 54.418    4.003
                                    -0.2280726      0.1417474    -0.03514086    0.004343827  -0.0002677288   6.582222E-06
                                     0.6938400  -0.0004158020   9.822845E-05  -1.150370E-05   7.003546E-07  -1.944136E-08
                                      0.000000       0.000000       0.000000       0.000000       0.000000       0.000000
LI   5.392 75.640    6.941
                                      2220.871      -1325.884       313.8823      -36.76692       2.126888    -0.04848128
                                      0.000000       0.000000       0.000000       0.000000       0.000000       0.000000
                                     0.6936722  -0.0003242493   8.440018E-05  -9.953976E-06   5.550683E-07  -1.571607E-08
BE   9.323 18.210    9.012
                                     -143.2475       117.7615      -37.11075       5.676049     -0.4245787     0.01248721
                                     -241.6029       156.6449      -40.44588       5.213523     -0.3354975    0.008622666
                                      0.000000       0.000000       0.000000       0.000000       0.000000       0.000000
B    8.298 25.160   10.811
                                     -1346.220       849.7694      -213.8509       26.85526      -1.682905     0.04210172
                                     -652.9515       416.8043      -106.2366       13.51516     -0.8581801     0.02175923
                                     -168.8426       106.6801      -26.79139       3.356681     -0.2098134    0.005234345
C   11.260 24.380   12.011
                                     -265.1885       163.5049      -39.98843       4.891450     -0.2994828    0.007350256
                                     -173.0890       109.1085      -27.25045       3.402618     -0.2122901    0.005292392
                                     -382.6390       240.3841      -60.26715       7.537482     -0.4702701     0.01170956
N   14.530 29.600   14.007
                                      468.2903      -281.1907       67.15991      -7.940977      0.4639919    -0.01069162
                                      125.1675      -77.75528       19.36859      -2.380253      0.1443773   -0.003455815
                                     -83.52797       50.59048      -12.13506       1.466397    -0.08903247    0.002168727
O   13.620 35.120   15.999
                                      79.29192      -48.39706       11.91622      -1.441044     0.08556430   -0.001991257
                                     -130.1889       90.05589      -24.55017       3.332795     -0.2253522    0.006072675
                                      21.17184      -14.60632       3.912685     -0.4821820     0.02778004  -0.0005964837
F   17.420 34.970   18.998
                                     -5.404938       2.946732     -0.5136852     0.04912758   -0.002624661   6.210711E-05
                                      54.85387      -32.97599       7.959663     -0.9317608     0.05294506   -0.001164127
                                     -277.2525       177.8874      -45.34848       5.770466     -0.3665200    0.009296554
NE  21.560 40.960   20.180
                                     -3.549877       2.207425     -0.5475497     0.06772258   -0.004176531   0.0001027455
                                      42.44490      -25.46892       6.167253     -0.7315464     0.04282384  -0.0009940141
                                      24.33223      -13.12661       2.772097     -0.2577593    0.009620652  -6.433111E-05
NA   5.139 47.290   22.990
                                      10820.26      -6629.486       1617.084      -196.2164       11.83913     -0.2840377
                                 -3.210500E-06   1.993577E-06  -4.937799E-07   6.097911E-08  -3.754703E-09   9.221658E-11
                                      80.77573      -45.94173       10.47319      -1.178936     0.06582829   -0.001462630
MG   7.646 15.040   24.305
                                     -870.3564       615.0436      -172.3622       23.96892      -1.655286     0.04544545
                                     -407.8442       258.7300      -65.41665       8.254206     -0.5197787     0.01306835
                                      0.000000       0.000000       0.000000       0.000000       0.000000       0.000000
AL   5.986 18.830   26.982
                                     -1767.488       1142.186      -294.5825       37.93415      -2.438665     0.06260753
                                     -748.9202       476.6799      -121.1396       15.36486     -0.9726624     0.02458585
                                     -120.1695       75.86314      -19.00258       2.374375     -0.1479944    0.003681267
SI   8.152 16.350   28.086
                                     -2926.248       1830.642      -456.8710       56.89355      -3.535116     0.08768751
                                     -270.4346       167.1678      -41.26830       5.107942     -0.3165130    0.007847147
                                     -379.4778       238.3027      -59.72039       7.465859     -0.4655914     0.01158764
P   10.490 19.770   30.974
                                     -130.2340       70.20428      -14.76062       1.539792    -0.08098464    0.001770445
                                     -52.90840       22.48158      -3.135401      0.1287034    0.005895361  -0.0004352913
                                     -73.65292       42.28860      -9.834772       1.174300    -0.07138479    0.001755985
S   10.360 23.340   32.065
                                     -473.6472       290.3120      -70.89067       8.654446     -0.5281532     0.01289389
                                      985.4664      -611.4333       151.2063      -18.59402       1.136253    -0.02758100
                                      141.1296      -97.77287       26.26916      -3.429289      0.2193791   -0.005524127
CL  12.970 23.810   35.453
                                     -256.0087       161.2587      -40.43606       5.067469     -0.3169269    0.007907238
                                      232.8452      -146.7129       36.86242      -4.588004      0.2832569   -0.006941154
                                      657.7887      -400.7356       97.23507      -11.71212      0.6996290    -0.01655989
AR  15.760 27.630   39.948
                                     -259.8488       161.8046      -40.19304       4.978618     -0.3075140    0.007577257
                                      80.25290      -45.30029       10.24658      -1.144017     0.06333381   -0.001394704
                                      309.1684      -188.3532       45.76895      -5.520817      0.3309469   -0.007888111
K    4.340 31.630   39.098
                                      10785.70      -6680.794       1648.425      -202.4552       12.37255     -0.3008665
                                   -0.08447987     0.05252475    -0.01302678    0.001610942  -9.933275E-05   2.443244E-06
                                      28.04564      -11.14693       1.482649    -0.03910708   -0.005285859   0.0002887589
CA   6.113 11.870   40.078
                                      8731.717      -5394.226       1326.715      -162.3226       9.874586     -0.2387949
                                      1343.913      -848.9377       213.5593      -26.71362       1.660378    -0.04098660
                                  -0.001460761   0.0009075872  -0.0002249302   2.779486E-05  -1.712530E-06   4.208826E-08
SC   6.562 12.800   44.956
                                      3032.259      -1912.573       480.4188      -60.00227       3.723916    -0.09180326
                                     -484.2159       301.7876      -74.42540       9.120385     -0.5553510     0.01346123
                                     -35.47479       21.53558      -5.062807      0.6095586    -0.03737837   0.0009296741
TI   6.828 13.580   47.867
                                      1188.073      -773.3657       200.4066      -25.77331       1.643785    -0.04153875
                                      3.767334      -14.87650       6.732803      -1.150645     0.08749297   -0.002475385
                                      168.7537      -113.2921       30.21602      -3.955716      0.2549461   -0.006477085
V    6.746 14.660   50.942
                                      2183.554      -1357.875       336.2173      -41.37860       2.530750    -0.06149373
                                      739.8062      -459.7051       114.0766      -14.08222      0.8647668    -0.02110597
                                      636.2404      -403.9768       102.0601      -12.77426      0.7924410    -0.01948582
CR   6.766 16.500   51.996
                                      2357.446      -1474.226       367.4033      -45.54005       2.804558    -0.06855420
                                      2663.849      -1682.275       422.8303      -52.80717       3.274722    -0.08059635
                                      913.1011      -563.2340       138.0846      -16.76864       1.008522    -0.02401583
MN   7.434 15.640   54.938
                                      4092.513      -2508.285       611.7658      -74.14559       4.462413     -0.1065965
                                      1673.624      -1023.930       249.2027      -30.09437       1.801004    -0.04265722
                                     -182.2487       146.5522      -44.96233       6.713127     -0.4909205     0.01412669
FE   7.902 16.190   55.845
                                      1150.770      -715.4451       176.9449      -21.69899       1.318268    -0.03168750
                                      483.5340      -287.7254       67.90111      -7.897823      0.4526078    -0.01019496
                                      487.3006      -291.1171       68.90590      -8.025123      0.4592023    -0.01029479
CO   7.881 17.080   58.933
                                      336.1400      -185.0952       39.86836      -4.134836      0.2033635   -0.003653007
                                      32.18011      -3.716034      -2.757736      0.7777209    -0.07302102    0.002379826
                                      581.1734      -350.8506       84.19545      -10.00071      0.5881931    -0.01369510
NI   7.640 18.170   58.693
                                     -403.0128       277.7323      -75.91850       10.33562     -0.6997201     0.01884226
                                     -75.87105       24.81409     -0.3032894     -0.6821244     0.08534384   -0.003095642
                                      344.1419      -201.8507       47.14617      -5.450519      0.3121844   -0.007082319
CU   7.726 20.290   63.546
                                     -1090.185       675.6443      -167.4533       20.78053      -1.292822     0.03230345
                                      2815.180      -1725.733       420.9029      -51.03035       3.073663    -0.07352538
                                     -40.86632       34.07364      -10.27769       1.482762     -0.1031692    0.002791351
ZN   9.394 17.960   65.409
                                     -3736.273       2358.816      -594.4383       74.74685      -4.689870      0.1174657
                                     -288.1325       181.2132      -45.37145       5.666653     -0.3530421    0.008777673
                                     -102.0398       63.71534      -15.87306       1.972099     -0.1221940    0.003020771
GA   5.999 20.520   69.723
                                     -1970.710       1266.881      -325.5239       41.79006      -2.679017     0.06858762
                                     -526.3803       331.2062      -83.17369       10.42019     -0.6512872     0.01624707
                                     -46.88571       29.76789      -7.431244      0.9252669    -0.05746000    0.001423808
GE   7.899 15.940   72.640
                                     -3148.319       1970.007      -492.5958       61.51731      -3.835256     0.09547521
                                      169.1144      -90.98093       18.93193      -1.885048     0.08900429   -0.001556959
                                     -182.5360       114.2741      -28.54560       3.556585     -0.2210208    0.005480672
AS   9.789 18.590   74.922
                                      145.0907      -104.7043       29.60827      -4.077190      0.2738341   -0.007174413
                                      411.7637      -251.6433       60.67045      -7.234728      0.4285274    -0.01010544
                                      7.249908       15.68829      -8.435040       1.543236     -0.1213980    0.003518132
SE   9.752 21.160   78.960
                                     -612.3357       387.4550      -97.49286       12.22029     -0.7628576     0.01898144
                                      992.8847      -620.9714       154.8297      -19.20087       1.183555    -0.02898632
                                      200.3228      -123.9255       30.84481      -3.816211      0.2345061   -0.005719872
BR  11.810 21.810   79.904
                                     -773.7730       484.5567      -120.6479       14.95438     -0.9227728     0.02268329
                                      7.951126      -2.118187      0.2808037    -0.03251219    0.003502041  -0.0001499318
                                      867.4643      -535.6670       131.8277      -16.12698      0.9800002    -0.02364437
KR  14.000 24.360   83.798
                                     -849.7844       529.5521      -131.6475       16.32032      -1.008921     0.02488238
                                     -200.9808       121.3992      -28.85254       3.394132     -0.1976116    0.004559132
                                     -115.3374       68.52774      -15.75040       1.770396    -0.09715976    0.002086033
RB   4.177 27.290   85.468
                                      5036.763      -3160.695       789.1754      -97.95018       6.040480     -0.1479813
                                     -1.273128      0.7919707     -0.1965250     0.02431677   -0.001500283   3.692432E-05
                                     -50.83037       26.44423      -4.999315      0.4200468    -0.01360842   3.996189E-05
SR   5.695 11.030   87.620
                                      650.8921      -340.2174       65.38932      -5.302256      0.1236995    0.002869219
                                      1148.312      -713.7858       176.5053      -21.67277       1.320009    -0.03185941
                                  -0.004588579    0.002849918  -0.0007060343   8.720989E-05  -5.370960E-06   1.319400E-07
Y    6.217 12.220   88.906
                                      1995.137      -1297.308       335.5629      -43.11355       2.750697    -0.06967890
                                      240.0077      -165.8652       44.20753      -5.726228      0.3636458   -0.009083388
                                     -30.46729       15.31311      -2.985765      0.3015219    -0.01568349   0.0003364845
ZR   6.634 13.130   91.224
                                     -59.16718       21.12943     -0.9492188     -0.4358854     0.06261846   -0.002424423
                                     -170.8662       123.4953      -34.61609       4.753303     -0.3195400    0.008448627
                                      163.9698      -109.2187       28.70946      -3.705542      0.2361822   -0.005953611
NB   6.579 14.320   92.906
                                     -58.73322       23.82892      -3.582969      0.2996251    -0.01844935   0.0007056224
                                     -569.8455       331.8566      -76.85970       8.864600     -0.5081513     0.01159625
                                      167.9629      -99.26788       22.88055      -2.546182      0.1371430   -0.002851130
MO   7.092 16.160   95.940
                                      5310.602      -3334.789       834.2994      -103.8640       6.430816     -0.1583173
                                      4160.348      -2654.809       674.6314      -85.26658       5.357457     -0.1337934
                                      1326.452      -840.5989       211.3798      -26.35444       1.630432    -0.04004058
TC   7.280 15.260   98.000
                                      1405.814      -846.3192       203.2653      -24.33389       1.452653    -0.03457111
                                     -838.6997       517.5513      -126.7678       15.43233     -0.9335450     0.02246866
                                     -1372.254       823.9831      -196.4611       23.34214      -1.382290     0.03264847
RU   7.361 16.760  101.070
                                     -1138.236       659.5809      -151.9954       17.44396     -0.9972440     0.02276016
                                      1960.549      -1168.956       277.7346      -32.85252       1.935373    -0.04540849
                                      482.0233      -288.0306       69.00659      -8.235279      0.4894967    -0.01158866
RH   7.459 18.080  102.906
                                      96.57837      -39.25194       5.034911    -0.06360796    -0.02901690    0.001512016
                                      2142.738      -1256.397       293.7353      -34.19960       1.982974    -0.04578323
                                     -352.6260       210.9962      -49.91073       5.865437     -0.3423843    0.007961447
PD   8.337 19.430  106.420
                                     -5059.163       3067.551      -741.2602       89.21037      -5.347099      0.1277414
                                      1633.926      -929.5040       210.1793      -23.57369       1.310290    -0.02882964
                                     -69.91852       41.36876      -9.383690       1.053702    -0.05873666    0.001316663
AG   7.576 21.490  107.868
                                     -7018.323       4378.781      -1091.250       135.8032      -8.439602      0.2095372
                                     -2992.468       1837.276      -450.2201       55.04863      -3.358927     0.08183565
                                     -105.5094       63.97441      -15.20113       1.802959     -0.1068888    0.002540666
CD   8.994 16.910  112.411
                                     -4330.543       2835.038      -737.0872       95.22195      -6.116984      0.1564132
                                     -4145.278       2466.545      -585.5821       69.36014      -4.099443     0.09673519
                                      164.1712      -99.58931       24.03114      -2.882521      0.1718236   -0.004070674
IN   5.786 18.870  114.818
                                     -5759.054       3654.544      -926.4899       117.2861      -7.412735      0.1871146
                                     -2232.065       1352.359      -327.0983       39.48519      -2.379113     0.05724842
                                     -551.6964       332.2050      -79.64730       9.517259     -0.5668907     0.01346788
SN   7.344 14.630  118.710
                                     -518.3850       348.2566      -93.04939       12.32581     -0.8079990     0.02097930
                                     -2476.824       1488.198      -356.1747       42.45057      -2.519464     0.05958235
                                     -4507.733       2688.859      -639.2340       75.71934      -4.469728      0.1052081
SB   8.608 16.530  121.760
                                     -3124.700       1819.867      -422.6199       48.94668      -2.828245     0.06526638
                                     -2380.325       1417.670      -336.5595       39.78616      -2.340783     0.05483589
                                     -62.80318       27.10921      -3.794653      0.1279143     0.01167027  -0.0007186956
TE   9.010 18.600  127.600
                                     -2068.207       1224.369      -288.9779       34.01573      -1.997108     0.04680321
                                      1598.642      -951.8391       226.1425      -26.78395       1.581316    -0.03721411
                                      2414.137      -1448.497       346.5950      -41.36377       2.462995    -0.05852911
I   10.450 19.130  126.904
                                     -8852.842       5309.516      -1271.121       151.8759      -9.057236      0.2156942
                                     -117.4409       61.01700      -12.06715       1.130584    -0.04868216   0.0007251257
                                      497.9756      -297.8407       71.18521      -8.484138      0.5041462    -0.01193211
XE  12.130 20.980  131.293
                                     -2395.289       1494.877      -372.2069       46.21715      -2.861957     0.07070626
                                      123.0735      -78.91783       20.34751      -2.605115      0.1654603   -0.004165342
                                      359.9408      -229.2477       58.36761      -7.386939      0.4642619    -0.01157749
CS   3.894 23.160  132.905
                                      9447.783      -5919.634       1478.240      -183.8301       11.37995     -0.2804154
                                     -14.95236       10.15755      -2.718866      0.3592212    -0.02346667   0.0006072084
                                      31.51757      -17.72510       4.126742     -0.4751242     0.02693601  -0.0005959601
BA   5.212 10.000  137.327
                                     -575.1473       260.9415      -39.99685       1.852682     0.07376157   -0.006197834
                                     -2262.389       1413.017      -350.7695       43.26841      -2.652396     0.06467612
                                    -0.1597295     0.09926461    -0.02460672    0.003041375  -0.0001874318   4.607505E-06
LA   5.577 11.100  138.906
                                      1645.632      -1020.340       252.4470      -31.13833       1.914819    -0.04690980
                                      1001.550      -611.3590       148.2217      -17.82847       1.065090    -0.02527759
                                     -97.71005       54.45350      -11.67856       1.201631    -0.05766061   0.0009890567
CE   5.539 10.800  140.116
                                      713.6789      -435.1163       106.6185      -13.12070      0.8125303    -0.02021322
                                      479.7720      -256.5219       53.54543      -5.436681      0.2696274   -0.005216212
                                     -392.7539       273.0125      -73.72258       9.727408     -0.6278231     0.01590814
PR   5.473 10.600  140.908
                                     -3044.662       1889.661      -464.8048       56.65026      -3.420592     0.08191843
                                     -1739.621       1078.510      -264.8500       32.21613      -1.939752     0.04628054
                                      2244.656      -1405.802       351.1890      -43.69715       2.707445    -0.06677268
ND   5.525 10.700  144.240
                                     -1648.892       947.1778      -212.8372       23.30511      -1.235757     0.02520435
                                     -206.6984       97.99728      -15.55826      0.7288929     0.03561667   -0.002952155
                                      1008.535      -599.5959       141.9046      -16.68655      0.9755972    -0.02267592
PM   5.582 10.900  145.000
                                      3425.093      -2101.553       513.7241      -62.51180       3.786649    -0.09130617
                                      759.4859      -420.6176       91.66059      -9.799937      0.5144701    -0.01057839
                                      16832.16      -9850.331       2294.434      -266.0393       15.36329     -0.3536020
SM   5.644 11.100  150.360
                                      2740.654      -1787.896       463.4228      -59.65343       3.814178    -0.09686175
                                      1526.533      -954.0401       237.1290      -29.29726       1.800780    -0.04403169
                                      482.8499      -278.4283       62.72116      -6.872377      0.3657231   -0.007508845
EU   5.670 11.240  151.964
                                      6539.223      -4110.732       1029.505      -128.3031       7.952733     -0.1960081
                                      666.6144      -414.9738       102.8946      -12.64984      0.7699547    -0.01851109
                                     -2028.463       1245.216      -304.7252       37.20104      -2.265841     0.05508932
GD   6.150 12.100  157.250
                                      1830.110      -1195.395       310.6325      -40.08591       2.568424    -0.06531281
                                      144.3446      -87.22174       21.25979      -2.585086      0.1577223   -0.003838808
                                     -63.26614       38.95016      -9.515633       1.171408    -0.07093841    0.001679703
TB   5.864 11.500  158.925
                                      585.5847      -389.7432       103.7591      -13.73508      0.9036745    -0.02358450
                                     -948.0028       616.8082      -158.5241       20.16105      -1.268565     0.03163558
                                      811.5581      -467.4346       107.5831      -12.32511      0.7028605    -0.01593941
DY   5.939 11.700  162.500
                                      3538.788      -2319.973       606.0232      -78.73830       5.084565     -0.1304266
                                      2770.617      -1785.230       458.3619      -58.53418       3.716004    -0.09374025
                                      1308.227      -746.6792       169.7165      -19.15926       1.073762    -0.02386535
HO   6.022 11.800  164.930
                                      554.9223      -458.0613       142.7292      -21.28397       1.534048    -0.04297641
                                      1341.876      -852.5336       215.7843      -27.12717       1.692812    -0.04190203
                                      6981.229      -4114.182       966.3072      -113.0633       6.591415     -0.1531637
ER   6.108 11.900  167.259
                                      2024.117      -1358.361       362.8780      -48.13859       3.167959    -0.08263080
                                      1620.589      -1064.725       278.6255      -36.21932       2.337160    -0.05982192
                                      2655.622      -1496.665       334.7401      -37.06781       2.029638    -0.04386408
TM   6.184 12.100  168.934
                                      7806.728      -4904.905       1227.872      -152.9908       9.483486     -0.2338345
                                      5008.261      -3107.730       768.1604      -94.45724       5.775587     -0.1404006
                                      1954.624      -1175.246       280.7703      -33.24225       1.947621    -0.04508323
YB   6.254 12.180  173.040
                                      7478.398      -4674.270       1162.063      -143.5818       8.812930     -0.2148502
                                      5182.839      -3144.303       758.4583      -90.86073       5.401717     -0.1273738
                                      189.1995      -45.68061      -7.825586       3.511428     -0.3850105     0.01392342
LU   5.426 13.900  174.967
                                      2812.949      -1707.158       412.2438      -49.47262       2.949115    -0.06979318
                                      2440.268      -1590.168       412.2984      -53.13959       3.402324    -0.08650045
                                     -1576.819       950.2631      -227.1883       26.93948      -1.584409     0.03699783
HF   6.825 14.900  178.490
                                      2429.282      -1469.149       354.6541      -42.68841       2.561146    -0.06121032
                                      96.62912      -107.7743       35.58968      -5.204549      0.3567813   -0.009365730
                                     -1847.832       1074.426      -248.2861       28.52174      -1.628214     0.03696337
TA   7.550 16.200  180.948
                                     -336.6781       131.1009      -14.49384     -0.2649970      0.1330546   -0.005848255
                                      3049.612      -1876.194       456.5799      -55.05075       3.294747    -0.07837412
                                      5128.344      -2957.075       678.3018      -77.42626       4.401086    -0.09968596
W    7.864 17.700  183.840
                                      3551.191      -2163.840       524.5139      -63.25270       3.796197    -0.09067918
                                      976.8611      -595.3698       144.9820      -17.64195       1.073298    -0.02607327
                                      10225.26      -5854.189       1333.990      -151.3289       8.551537     -0.1926426
RE   7.834 16.600  186.207
                                      1089.888      -848.3778       249.1738      -35.11956       2.399422    -0.06393407
                                      10309.66      -6197.272       1484.430      -177.0915       10.52225     -0.2490694
                                      4791.448      -2570.291       544.9699      -57.08017       2.951932    -0.06020010
OS   8.438 18.500  190.230
                                     -466.3487       240.1248      -47.78853       4.563550     -0.2056541    0.003423993
                                      1452.881      -870.8432       208.2358      -24.81966       1.475352    -0.03497657
                                     -3130.864       1976.382      -496.4000       62.03051      -3.857059     0.09551080
IR   8.967 17.000  192.217
                                     -1427.438       852.8846      -203.2992       24.20090      -1.439187     0.03424770
                                       2.39790       -16.0028        7.59661       -1.35357       0.106750    -0.00311222
                                     -1026.784       623.2650      -150.5728       18.11212      -1.084429     0.02587472
PT   8.959 18.560  195.078
                                     -318.4721       222.9784      -60.96643       8.223562     -0.5484783     0.01450859
                                      2853.704      -1678.542       393.3360      -45.90338       2.668823    -0.06182852
                                     -4082.166       2451.222      -586.3941       69.89105      -4.150891     0.09830715
AU   9.226 20.500  196.967
                                     -3841.139       2271.832      -536.3236       63.19687      -3.718246     0.08743500
                                      2358.737      -1360.963       314.2418      -36.29434       2.095620    -0.04833001
                                     -6827.410       4083.657      -973.2708       115.5762      -6.839537      0.1613994
HG  10.440 18.760  200.590
                                     -3635.250       2279.464      -570.3714       71.19036      -4.432285      0.1101219
                                     -505.5852       320.5455      -81.02214       10.21996     -0.6433331     0.01616835
                                     -2511.448       1461.511      -338.8020       39.12641      -2.252289     0.05173538
TL   6.108 20.430  204.383
                                     -7064.106       4326.931      -1058.943       129.4590      -7.907227      0.1930754
                                     -1319.939       795.7396      -191.4333       22.97525      -1.375794     0.03288816
                                     -2596.996       1551.982      -369.5708       43.85235      -2.593247     0.06115278
PB   7.417 15.030  207.200
                                     -7523.160       4586.323      -1116.884       135.8448      -8.254941      0.2005907
                                      122.4265      -73.72993       17.71458      -2.103181      0.1227453   -0.002794289
                                     -1929.681       1148.434      -272.3708       32.18280      -1.894828     0.04448028
BI   7.286 16.700  208.980
                                     -797.2959       469.4247      -110.6255       13.08422     -0.7779555     0.01863740
                                      2715.884      -1630.605       390.8304      -46.73155       2.786061    -0.06620435
                                     -708.3515       423.9813      -101.1019       12.02603     -0.7141855     0.01695737
PO   8.417 19.000  209.000
                                     -1650.004       996.2987      -240.4080       29.01215      -1.751391     0.04232244
                                      1547.141      -920.1625       218.3851      -25.83884       1.524039    -0.03583273
                                      1521.839      -912.8928       218.6223      -26.14898       1.562778    -0.03731967
AT   9.000 30.000  210.000
                                     -8553.311       5115.787      -1221.895       145.7104      -8.675610      0.2063374
                                     -118.3328       62.63988      -12.69994       1.233217    -0.05627794   0.0009377952
                                      231.1092      -139.9241       33.96039      -4.113876      0.2485671   -0.005974945
RN  10.750 30.000  222.000
                                     -11197.44       6729.667      -1614.722       193.3630      -11.55715      0.2758335
                                     -51.34249       32.35408      -7.901011      0.9621587    -0.05860548    0.001433584
                                      749.8268      -448.3486       107.0471      -12.73276      0.7543878    -0.01780069
FR   4.073 22.000  223.000
                                      8268.401      -5140.339       1273.029      -156.9263       9.624959     -0.2348758
                                     -129.8893       77.15964      -18.28129       2.159709     -0.1272368    0.002990905
                                      271.3163      -160.4195       37.96180      -4.471762      0.2621452   -0.006114226
RA   5.278 10.150  226.000
                                      9230.145      -5807.363       1457.440      -182.3165       11.36409     -0.2822443
                                     -1621.162       907.5624      -202.0032       22.36819      -1.233734     0.02717408
                                      0.000000       0.000000       0.000000       0.000000       0.000000       0.000000
AC   5.170 11.750  227.000
                                     -639.2131       302.3951      -52.58680       3.902156    -0.09154486   -0.001083067
                                      3987.053      -2298.776       528.3618      -60.57124       3.465733    -0.07917753
                                     -1256.069       737.9036      -172.4683       20.07387      -1.163731     0.02689955
TH   6.307 11.900  232.038
                                      476.0541      -325.7835       89.71341      -12.34836      0.8460885    -0.02295703
                                     -1221.799       759.6987      -186.9449       22.75920      -1.370220     0.03268656
                                      7100.766      -4157.630       969.3658      -112.5108       6.501619     -0.1496263
PA   5.890 12.000  231.036
                                     -1121.732       696.9819      -174.3708       21.93435      -1.383205     0.03495288
                                     -6472.703       3668.399      -832.2424       94.45585      -5.360245      0.1216607
                                      18790.15      -10908.97       2522.318      -290.4820       16.67117     -0.3815658
U    6.194 11.900  238.029
                                     -780.7338       415.2690      -85.09717       8.308096     -0.3771416    0.006083411
                                     -276.7094       130.4262      -20.62211      0.9833076     0.04192973   -0.003604288
                                      5184.805      -3025.644       703.3960      -81.40289       4.689597     -0.1075633
C2        6.297  0.000   24.021   1  0  5  0  
                                     -225.1171       131.2285      -30.37969       3.551230     -0.2074593    0.004880404
                                       12.7348       -6.70335       0.147407     -0.0312013     0.00251057
CN        7.738  0.000   26.017   1  0  5  0 
                                     -454.5054       266.8616      -61.47924       7.013945     -0.3951051    0.008841077
                                      12.8044        -8.25252       0.192273     -0.0464386     0.00409932
CH        3.465  0.000   13.019   1  0  5  0
                                      487.1527      -314.0910       81.38190      -10.51238      0.6774622    -0.01735312
                                       11.6626       -3.57784     -0.0671761      0.0184158    -0.00147736
CO       11.108  0.000   28.010   1  0  5  0
                                     -1929.996       1214.679      -304.3923       38.03506      -2.368182     0.05881412
                                       13.8162       -11.9249       0.284035     -0.0563550     0.00425011
O2        5.116  0.000   31.999   1  0  5  0
                                      35.89600      -8.783905     -0.8099213      0.5093803    -0.05782014    0.002154849
                                       12.9275       -5.04747      -0.196909      0.0549445    -0.00488552
OH        4.392  0.000   17.007   1  0  5  0
                                      342.3083      -214.4506       53.95571      -6.747542      0.4202058    -0.01037454
                                       12.1569       -4.82636      0.0479675    -0.00115092   -0.000214507
H2        4.478  0.000    2.016   1  1  5  5 
                                     -174.2410       83.28868      -14.25377      0.9528794   -0.007108629   -0.001083118
				       12.5160       -4.98307       0.118514     -0.0225558     0.00185260
                                       1.37831        1.52322       -1.12314       0.274334     -0.0225187
NH        3.420  0.000   15.015   1  0  5  0
                                      1012.169      -632.3125       157.8031      -19.59988       1.212023    -0.02978911
                                       11.7607       -3.78390      0.0430673    -0.00387765    0.000212306
N2        9.759  0.000   28.013   1  0  5  0
                                     -1335.956       839.3820      -209.8734       26.16031      -1.624079     0.04021007
                                       13.8355       -11.3145       0.765108      -0.178564      0.0148888
NO        6.497  0.000   30.006   1  0  5  0 
                                     -610.3148       389.1202      -98.23387       12.37009     -0.7750828     0.01936599
                                       12.9306       -7.60768       0.506734      -0.115607     0.00953203
MH        1.340  0.000   23.998   0  0  0  0
                                      701.2357      -445.7995       113.4795      -14.39002      0.9102727    -0.02291580
HF        5.869  0.000   20.006   0  0  0  0 
                                      154.7735      -100.2268       25.98581      -3.332488      0.2123180   -0.005330148
H2+      2.6508  0.000    2.016   1  1  5  5    
                                      0.000000       0.000000       0.000000       0.000000       0.000000       0.000000
                                       11.4090       -3.37524       0.346727     -0.0860404     0.00749413
                                       2.07935      0.0233427      -0.444809       0.154551     -0.0151150 
H2O       9.506  0.000   33.007   1  0  5  0
                                      0.000000       0.000000       0.000000       0.000000       0.000000       0.000000
                                       25.0894       -9.98420      -0.108188      0.0434470    -0.00416677
#
# atomdata, changes MA110712:
# OsI  ion.energy= 8.348 ->  8.438 
# OsII ion.energy=17.0   -> 18.5
# IrII ion.energy=30.0   -> 17.0
# IrII partition function from Grevesse 110708
#
# atomdata, last modified by Tiago on 20100407
#
#
# Syntax of molecules changed. First line is:
#
# label, dissociation energy (eV), 0., weight (AMU), then two flags and two integers.
# 
# The two flags are respectively:
# - Are coefficients available for the dissociation energy fits? If yes, will read another line with them.
#   Note that even if this data is available it won't necessarily be used. The molecule has to be included
#   in subroutine mol in subs.f.
# - Are coefficients available for the internal energy fits? Only makes sense for H2 and H2+. If yes, will
#   read another line with the coefficients.
#
# The two integers represent the number of coefficients to be read for dissociation and internal energies.
# Only used if the corresponding flags are set.
#
# The new molecular data (dissociation and internal energy fit coefficients) was taken from several sources:
#
#
#        the data for computing the dissociation constants have changed
#        from Tsuji, 1973, A&A, 23, 411
#        to   Sauval & Tatum, 1984, ApJS, 56, 193
#
#        Dissociation constants from Sauval & Tatum fitted using the
#        same polynomial form as used by Tsuji: Sum a_i * theta^i
#        Note: here a_1 and a_3 opposite sign to Tsuji
#
# MA020827: Dissociation energies updated by modifying ak1, *not* dis:
#           Tsuji (1973) -> Sauval & Tatum (1984)
#                           Huang et al. (1992): CN
#                           Urdahl et al. (1991): C2
#                           Marquette et al. (1988): NH
#
#        H2   H2+    H2O    OH    CH     CO    CN    C2    N2    O2    NO    NH
# Tsuji:4.466 2.636  9.496 4.379 3.469 11.100 7.891 6.114 9.756 5.116 6.504 3.209
# New:  4.478 2.6508 9.496 4.392 3.465 11.092 7.738 6.297 9.759 5.116 6.497 3.420
#
