56        Partition Functions for Cerium
  temp (K)    Z_BaI   Z_BaII
   001.000   99999.    2.000 
   500.000   99999.    2.000 
  1000.000   99999.    2.005 
  1500.000   99999.    2.063 
  2000.000   99999.    2.221 
  2500.000   99999.    2.471 
  3000.000   99999.    2.781 
  3500.000   99999.    3.123 
  4000.000   99999.    3.475 
  4500.000   99999.    3.826 
  5000.000   99999.    4.169 
  5500.000   99999.    4.500 
  6000.000   99999.    4.818 
  6500.000   99999.    5.123 
  7000.000   99999.    5.415 
  7500.000   99999.    5.695 
  8000.000   99999.    5.965 
  8500.000   99999.    6.225 
  9000.000   99999.    6.478 
  9500.000   99999.    6.725 
 10000.000   99999.    6.967 
    -1.000    0.000    0.000

This Ba II energy levels list is from Charlotte Moore, Atomic Energy Levels
NBS-NSRDS 35,  vol. 2 (1971). 


