06        Partition function for doubly ionized carbon
     temp (K)     Z_CIII
  001.000  1.000
  200.000  1.000
  400.000  1.000
  600.000  1.000
  800.000  1.000
  1000.000  1.000
  1200.000  1.000
  1400.000  1.000
  1600.000  1.000
  1800.000  1.000
  2000.000  1.000
  2200.000  1.000
  2400.000  1.000
  2600.000  1.000
  2800.000  1.000
  3000.000  1.000
  3200.000  1.000
  3400.000  1.000
  3600.000  1.000
  3800.000  1.000
  4000.000  1.000
  4200.000  1.000
  4400.000  1.000
  4600.000  1.000
  4800.000  1.000
  5000.000  1.000
  5200.000  1.000
  5400.000  1.000
  5600.000  1.000
  5800.000  1.000
  6000.000  1.000
  6200.000  1.000
  6400.000  1.000
  6600.000  1.000
  6800.000  1.000
  7000.000  1.000
  7200.000  1.000
  7400.000  1.000
  7600.000  1.000
  7800.000  1.001
  8000.000  1.001
  8200.000  1.001
  8400.000  1.001
  8600.000  1.001
  8800.000  1.002
  9000.000  1.002
  9200.000  1.002
  9400.000  1.003
  9600.000  1.003
  9800.000  1.004
  10000.000  1.005
  10200.000  1.006
  10400.000  1.006
  10600.000  1.007
  10800.000  1.008
  11000.000  1.009
  11200.000  1.011
  11400.000  1.012
  11600.000  1.014
  11800.000  1.015
  12000.000  1.017
  12200.000  1.019
  12400.000  1.021
  12600.000  1.023
  12800.000  1.025
  13000.000  1.027
     -1.000  0.000
Energy levels of C III from nist.gov April 2002.


