64        Partition function for doubly ionized gadolinium
temp (K)  Z_GdIII
  001.000  5.000
  200.000  6.000
  400.000  8.408
  600.000  10.859
  800.000  13.263
  1000.000  15.622
  1200.000  17.924
  1400.000  20.161
  1600.000  22.326
  1800.000  24.421
  2000.000  26.446
  2200.000  28.408
  2400.000  30.309
  2600.000  32.155
  2800.000  33.951
  3000.000  35.699
  3200.000  37.402
  3400.000  39.064
  3600.000  40.686
  3800.000  42.270
  4000.000  43.817
  4200.000  45.329
  4400.000  46.807
  4600.000  48.251
  4800.000  49.663
  5000.000  51.043
  5200.000  52.392
  5400.000  53.710
  5600.000  54.999
  5800.000  56.259
  6000.000  57.490
  6200.000  58.694
  6400.000  59.870
  6600.000  61.020
  6800.000  62.145
  7000.000  63.244
  7200.000  64.319
  7400.000  65.369
  7600.000  66.397
  7800.000  67.402
  8000.000  68.386
  8200.000  69.348
  8400.000  70.289
  8600.000  71.210
  8800.000  72.112
  9000.000  72.995
  9200.000  73.859
  9400.000  74.706
  9600.000  75.535
  9800.000  76.348
  10000.000  77.144
  10200.000  77.925
  10400.000  78.690
  10600.000  79.441
  10800.000  80.177
  11000.000  80.899
  11200.000  81.608
  11400.000  82.304
  11600.000  82.987
  11800.000  83.658
  12000.000  84.317
  12200.000  84.965
  12400.000  85.601
  12600.000  86.227
  12800.000  86.842
  13000.000  87.447
     -1.000   0.000

Energy levels of Gd III from nist.gov June 2002.
Two fake levels between  6000 and  7000 cm_1
have been added to replace missing levels in nist.gov.
These levels changed the partition functions by 1.3% (2.1%) at
5000K (10000K).


