72        Partition function for doubly ionized hafnium
temp (K)  Z_HfIII
  001.000  5.000
  200.000  5.000
  400.000  5.000
  600.000  5.010
  800.000  5.063
  1000.000  5.188
  1200.000  5.394
  1400.000  5.679
  1600.000  6.030
  1800.000  6.437
  2000.000  6.890
  2200.000  7.378
  2400.000  7.893
  2600.000  8.429
  2800.000  8.981
  3000.000  9.543
  3200.000  10.113
  3400.000  10.686
  3600.000  11.261
  3800.000  11.836
  4000.000  12.409
  4200.000  12.979
  4400.000  13.545
  4600.000  14.106
  4800.000  14.661
  5000.000  15.210
  5200.000  15.753
  5400.000  16.289
  5600.000  16.817
  5800.000  17.338
  6000.000  17.852
  6200.000  18.358
  6400.000  18.857
  6600.000  19.348
  6800.000  19.832
  7000.000  20.308
  7200.000  20.777
  7400.000  21.238
  7600.000  21.692
  7800.000  22.139
  8000.000  22.578
  8200.000  23.011
  8400.000  23.437
  8600.000  23.856
  8800.000  24.269
  9000.000  24.675
  9200.000  25.075
  9400.000  25.469
  9600.000  25.856
  9800.000  26.239
  10000.000  26.615
  10200.000  26.986
  10400.000  27.352
  10600.000  27.712
  10800.000  28.068
  11000.000  28.418
  11200.000  28.764
  11400.000  29.105
  11600.000  29.442
  11800.000  29.774
  12000.000  30.102
  12200.000  30.427
  12400.000  30.747
  12600.000  31.063
  12800.000  31.376
  13000.000  31.686
     -1.000   0.000

Hf III  Energy Levels: from Klinkenberg, Van Kleef, & Noorman,
Physica vol 27, p 1177 (1961)  including 24 even & 16 odd.
Of the even 5 have dual J's giving 29 total.





James E. Lawler
Arthur and Aurelia Schawlow Professor of Physics
University of Wisconsin
1150 University Ave.
Madison, WI 53706

tele: 608 262 2918
fax:  608 265 2334

