19        Partition function for doubly ionized potassium
     temp (K)      Z_KIII
        1.000       4.000
      200.000       4.000
      400.000       4.001
      600.000       4.011
      800.000       4.041
     1000.000       4.089
     1200.000       4.149
     1400.000       4.216
     1600.000       4.285
     1800.000       4.354
     2000.000       4.421
     2200.000       4.485
     2400.000       4.546
     2600.000       4.603
     2800.000       4.657
     3000.000       4.708
     3200.000       4.755
     3400.000       4.800
     3600.000       4.842
     3800.000       4.881
     4000.000       4.918
     4200.000       4.952
     4400.000       4.985
     4600.000       5.016
     4800.000       5.045
     5000.000       5.072
     5200.000       5.098
     5400.000       5.123
     5600.000       5.146
     5800.000       5.169
     6000.000       5.190
     6200.000       5.210
     6400.000       5.229
     6600.000       5.247
     6800.000       5.265
     7000.000       5.281
     7200.000       5.297
     7400.000       5.313
     7600.000       5.327
     7800.000       5.341
     8000.000       5.355
     8200.000       5.368
     8400.000       5.380
     8600.000       5.392
     8800.000       5.404
     9000.000       5.415
     9200.000       5.425
     9400.000       5.436
     9600.000       5.446
     9800.000       5.455
    10000.000       5.464
    10200.000       5.473
    10400.000       5.482
    10600.000       5.491
    10800.000       5.499
    11000.000       5.507
    11200.000       5.514
    11400.000       5.522
    11600.000       5.529
    11800.000       5.536
    12000.000       5.543
    12200.000       5.549
    12400.000       5.556
    12600.000       5.562
    12800.000       5.568
    13000.000       5.574
       -1.000       0.000
Energy levels of K III from nist.gov April 2002.

