57        Partition function for doubly ionized lanthanum
temp (K)  Z_LaIII
   001.000  4.000
   200.000  4.000
   400.000  4.019
   600.000  4.128
   800.000  4.336
  1000.000  4.598
  1200.000  4.879
  1400.000  5.160
  1600.000  5.432
  1800.000  5.693
  2000.000  5.943
  2200.000  6.184
  2400.000  6.419
  2600.000  6.649
  2800.000  6.875
  3000.000  7.098
  3200.000  7.319
  3400.000  7.538
  3600.000  7.756
  3800.000  7.972
  4000.000  8.187
  4200.000  8.400
  4400.000  8.612
  4600.000  8.822
  4800.000  9.029
  5000.000  9.235
  5200.000  9.438
  5400.000  9.639
  5600.000  9.837
  5800.000  10.032
  6000.000  10.225
  6200.000  10.415
  6400.000  10.602
  6600.000  10.786
  6800.000  10.967
  7000.000  11.145
  7200.000  11.321
  7400.000  11.493
  7600.000  11.662
  7800.000  11.829
  8000.000  11.993
  8200.000  12.153
  8400.000  12.311
  8600.000  12.466
  8800.000  12.619
  9000.000  12.768
  9200.000  12.915
  9400.000  13.060
  9600.000  13.202
  9800.000  13.341
  10000.000  13.478
  10200.000  13.613
  10400.000  13.745
  10600.000  13.876
  10800.000  14.003
  11000.000  14.129
  11200.000  14.253
  11400.000  14.374
  11600.000  14.494
  11800.000  14.611
  12000.000  14.727
  12200.000  14.841
  12400.000  14.953
  12600.000  15.064
  12800.000  15.172
  13000.000  15.279
     -1.000   0.000
Energy levels of La III from nist.gov April 2002.

