44        Partition Functions for Ruthenium
temp (K)  Z_Ru I  Z_Ru II
  001.000  11.000  10.000
  200.000  11.002  10.000
  400.000  11.128  10.034
  600.000  11.574  10.225
  800.000  12.270  10.599
  1000.000  13.104  11.106
  1200.000  14.001  11.687
  1400.000  14.916  12.302
  1600.000  15.830  12.926
  1800.000  16.738  13.544
  2000.000  17.641  14.151
  2200.000  18.547  14.745
  2400.000  19.463  15.327
  2600.000  20.395  15.899
  2800.000  21.349  16.463
  3000.000  22.330  17.021
  3200.000  23.341  17.575
  3400.000  24.385  18.126
  3600.000  25.462  18.676
  3800.000  26.575  19.224
  4000.000  27.723  19.773
  4200.000  28.907  20.323
  4400.000  30.126  20.874
  4600.000  31.381  21.427
  4800.000  32.672  21.983
  5000.000  33.997  22.541
  5200.000  35.357  23.102
  5400.000  36.752  23.667
  5600.000  38.181  24.237
  5800.000  39.645  24.810
  6000.000  41.144  25.389
  6200.000  42.677  25.974
  6400.000  44.246  26.565
  6600.000  45.850  27.162
  6800.000  47.490  27.766
  7000.000  49.165  28.377
  7200.000  50.878  28.996
  7400.000  52.627  29.624
  7600.000  54.413  30.259
  7800.000  56.238  30.904
  8000.000  58.101  31.558
  8200.000  60.002  32.221
  8400.000  61.943  32.893
  8600.000  63.923  33.576
  8800.000  65.943  34.269
  9000.000  68.004  34.972
  9200.000  70.106  35.685
  9400.000  72.249  36.410
  9600.000  74.433  37.145
  9800.000  76.658  37.891
  10000.000  78.926  38.648
  10200.000  81.235  39.416
  10400.000  83.586  40.195
  10600.000  85.979  40.986
  10800.000  88.414  41.788
  11000.000  90.891  42.602
  11200.000  93.410  43.427
  11400.000  95.970  44.263
  11600.000  98.572  45.111
  11800.000  101.214  45.971
  12000.000  103.898  46.842
  12200.000  106.622  47.725
  12400.000  109.387  48.620
  12600.000  112.191  49.526
  12800.000  115.034  50.444
  13000.000  117.917  51.373
     -1.000    0.000   0.000

Ru I Energy Levels: from C. E. Moore, Atomic Energy Levels, vol 2
  including 63 even, 64 odd.
Some, 23, fake Ru I level between 27000cm-1 & 53000cm-1 have been
added for a missing level in the AEL tables.
These level changed the
partition function by  0.0% ( 0.3%) at 5000K (10000K).
Ru II Energy Levels Karlsson, Joueizadeh, & Johannson, Physica Scripta
vol 66, 238 (2002).





James E. Lawler
Arthur and Aurelia Schawlow Professor of Physics
University of Wisconsin
1150 University Ave.
Madison, WI 53706

tele: 608 262 2918
fax:  608 265 2334

