52        Partition Functions for Tellurium
temp (K)  Z_Te I  Z_Te II
   001.000  5.000  4.000
   200.000  5.000  4.000
   400.000  5.000  4.000
   600.000  5.000  4.000
   800.000  5.001  4.000
  1000.000  5.004  4.000
  1200.000  5.014  4.000
  1400.000  5.031  4.000
  1600.000  5.057  4.000
  1800.000  5.092  4.001
  2000.000  5.135  4.003
  2200.000  5.185  4.007
  2400.000  5.242  4.012
  2600.000  5.305  4.020
  2800.000  5.372  4.031
  3000.000  5.444  4.045
  3200.000  5.518  4.063
  3400.000  5.596  4.085
  3600.000  5.675  4.110
  3800.000  5.757  4.139
  4000.000  5.839  4.172
  4200.000  5.923  4.209
  4400.000  6.008  4.249
  4600.000  6.093  4.292
  4800.000  6.178  4.339
  5000.000  6.263  4.389
  5200.000  6.349  4.441
  5400.000  6.433  4.497
  5600.000  6.518  4.555
  5800.000  6.602  4.615
  6000.000  6.685  4.677
  6200.000  6.768  4.741
  6400.000  6.850  4.807
  6600.000  6.931  4.875
  6800.000  7.011  4.944
  7000.000  7.091  5.014
  7200.000  7.170  5.086
  7400.000  7.247  5.158
  7600.000  7.325  5.232
  7800.000  7.401  5.306
  8000.000  7.476  5.382
  8200.000  7.551  5.457
  8400.000  7.626  5.534
  8600.000  7.699  5.610
  8800.000  7.773  5.687
  9000.000  7.846  5.765
  9200.000  7.918  5.842
  9400.000  7.991  5.920
  9600.000  8.063  5.998
  9800.000  8.136  6.076
  10000.000  8.208  6.154
  10200.000  8.281  6.232
  10400.000  8.354  6.310
  10600.000  8.428  6.388
  10800.000  8.503  6.465
  11000.000  8.579  6.543
  11200.000  8.655  6.620
  11400.000  8.733  6.697
  11600.000  8.813  6.773
  11800.000  8.893  6.850
  12000.000  8.976  6.926
  12200.000  9.060  7.002
  12400.000  9.147  7.078
  12600.000  9.236  7.153
  12800.000  9.327  7.228
  13000.000  9.420  7.302
     -1.000  0.000  0.000

Te I Energy Levels: from C. E. Moore, Atomic Energy Levels, vol 3
Some replaced and new added from Cantu & Mazzoni, Phys Scripta vol 27,
p 261 (1983) and from Bhatia et al., J. Phys B vol 16, p 737 (1983).
Te II Energy Levels: from C. E. Moore, Atomic Energy Levels, vol 3

James E. Lawler
Arthur and Aurelia Schawlow Professor of Physics
University of Wisconsin
1150 University Ave.
Madison, WI 53706

tele: 608 262 2918
fax:  608 265 2334

