Luo vs G2
        Luo    G2     diff
  MgO   3.67   2.57  -1.11  -0.30
  BCl   4.38   5.33   0.95   0.22
  PCl   3.86   3.19  -0.66  -0.17
 BeCl   4.47   3.84  -0.63  -0.14
  BeS   3.80   3.23  -0.56  -0.15
   CF   5.29   5.71   0.42   0.08
   PF   4.16   4.56   0.41   0.10
  O2+   6.68   6.37  -0.31  -0.05
  SiC   4.59   4.29  -0.30  -0.07
  BeH   2.25   1.97  -0.28  -0.12
   NF   3.57   3.30  -0.27  -0.08
   PS   4.54   4.29  -0.25  -0.06
  S2+   5.38   5.14  -0.24  -0.04
   BS   5.94   5.71  -0.23  -0.04
  MgF   4.76   4.56  -0.20  -0.04
  LiO   3.49   3.30  -0.19  -0.05
  AlH   2.95   3.13   0.19   0.06
  BeF   5.90   5.72  -0.18  -0.03
  MgS   2.40   2.23  -0.17  -0.07
  BeO   4.49   4.33  -0.16  -0.04
   S2   4.37   4.22  -0.15  -0.03
   NS   4.80   4.69  -0.11  -0.02
   CN   7.74   7.63  -0.11  -0.01
   O2   5.12   5.01  -0.10  -0.02
  Na2   0.74   0.83   0.10   0.13
  OH-   4.78   4.88   0.10   0.02
   NH   3.47   3.38  -0.09  -0.03
  SH+   3.57   3.48  -0.09  -0.03
   SO   5.33   5.24  -0.09  -0.02
  N2+   8.71   8.62  -0.09  -0.01
  SiN   4.49   4.58   0.09   0.02
  CN-  10.33  10.41   0.08   0.01
  ClO   2.73   2.65  -0.08  -0.03
   PN   6.36   6.28  -0.08  -0.01
 HCl+   4.66   4.58  -0.08  -0.02
  Li2   1.05   1.12   0.07   0.07
  P2+   4.95   4.88  -0.07  -0.01
  SiF   5.94   6.01   0.07   0.01
   CO  11.12  11.19   0.07   0.01
  SiS   6.36   6.29  -0.07  -0.01
  NaH   1.89   1.95   0.07   0.03
  HS-   3.83   3.89   0.06   0.02
  NaF   4.91   4.97   0.06   0.01
   P2   5.03   4.98  -0.05  -0.01
  Cl2   2.47   2.42  -0.05  -0.02
  AlF   6.96   7.01   0.05   0.01
 MgCl   3.20   3.25   0.05   0.02
 NaCl   4.23   4.28   0.05   0.01
   BH   3.54   3.59   0.05   0.01
   N2   9.75   9.71  -0.05  -0.01
 LiCl   4.82   4.87   0.05   0.01
   HF   5.87   5.91   0.04   0.01
  CCl   4.08   4.12   0.04   0.01
  NaO   2.76   2.80   0.04   0.01
   PH   3.04   3.00  -0.04  -0.01
   CS   7.36   7.39   0.04   0.01
 SiCl   4.28   4.32   0.04   0.01
   HS   3.63   3.59  -0.03  -0.01
   BO   8.35   8.32  -0.03  -0.00
  SiH   3.04   3.07   0.03   0.01
   C2   6.37   6.40   0.03   0.00
  LiH   2.43   2.45   0.03   0.01
   SF   3.52   3.55   0.03   0.01
  PH+   3.38   3.35  -0.02  -0.01
   NO   6.51   6.53   0.02   0.00
   CH   3.47   3.49   0.02   0.01
   F2   1.61   1.59  -0.02  -0.01
  Si2   3.17   3.19   0.02   0.01
  HCl   4.43   4.45   0.02   0.00
 AlCl   5.22   5.24   0.02   0.00
  CH-   3.44   3.43  -0.01  -0.00
  LiF   5.95   5.96   0.01   0.00
   PO   6.07   6.05  -0.01  -0.00
   OH   4.42   4.41  -0.01  -0.00
  CO+   8.37   8.36  -0.01  -0.00
   CP   5.28   5.29   0.01   0.00
 SiH-   2.89   2.90   0.01   0.00
  SiO   8.18   8.19   0.00   0.00
  MgH   1.27   1.27   0.00   0.00
