47        Partition function for doubly ionized silver
     temp (K)     Z_AgIII
  001.000  6.000
  200.000  6.000
  400.000  6.000
  600.000  6.000
  800.000  6.001
  1000.000  6.005
  1200.000  6.016
  1400.000  6.035
  1600.000  6.064
  1800.000  6.101
  2000.000  6.145
  2200.000  6.197
  2400.000  6.253
  2600.000  6.313
  2800.000  6.375
  3000.000  6.439
  3200.000  6.504
  3400.000  6.569
  3600.000  6.634
  3800.000  6.699
  4000.000  6.763
  4200.000  6.825
  4400.000  6.887
  4600.000  6.947
  4800.000  7.005
  5000.000  7.062
  5200.000  7.118
  5400.000  7.172
  5600.000  7.225
  5800.000  7.276
  6000.000  7.325
  6200.000  7.373
  6400.000  7.420
  6600.000  7.465
  6800.000  7.509
  7000.000  7.552
  7200.000  7.593
  7400.000  7.633
  7600.000  7.672
  7800.000  7.710
  8000.000  7.747
  8200.000  7.783
  8400.000  7.817
  8600.000  7.851
  8800.000  7.884
  9000.000  7.916
  9200.000  7.947
  9400.000  7.978
  9600.000  8.007
  9800.000  8.036
  10000.000  8.065
  10200.000  8.092
  10400.000  8.119
  10600.000  8.146
  10800.000  8.172
  11000.000  8.197
  11200.000  8.222
  11400.000  8.247
  11600.000  8.271
  11800.000  8.295
  12000.000  8.318
  12200.000  8.341
  12400.000  8.364
  12600.000  8.387
  12800.000  8.410
  13000.000  8.432
     -1.000  0.000

Energy levels of Ag III from C. E. Moore, Atomic Energy Levels, vol 2,
including 38 odd and 17 even. One fake level at 136808 cm_1 was
added to replace a level missing in Moore's tables.  This level
change the partition function by 0.0% (0.0%) at 5000K (10000K).


