83        Partition function for doubly ionized bismuth
temp (K)  Z_BiIII
  001.000  2.000
  200.000  2.000
  400.000  2.000
  600.000  2.000
  800.000  2.000
  1000.000  2.000
  1200.000  2.000
  1400.000  2.000
  1600.000  2.000
  1800.000  2.000
  2000.000  2.000
  2200.000  2.000
  2400.000  2.000
  2600.000  2.000
  2800.000  2.000
  3000.000  2.000
  3200.000  2.000
  3400.000  2.001
  3600.000  2.001
  3800.000  2.002
  4000.000  2.002
  4200.000  2.003
  4400.000  2.004
  4600.000  2.006
  4800.000  2.008
  5000.000  2.010
  5200.000  2.013
  5400.000  2.016
  5600.000  2.019
  5800.000  2.023
  6000.000  2.027
  6200.000  2.032
  6400.000  2.037
  6600.000  2.043
  6800.000  2.049
  7000.000  2.056
  7200.000  2.063
  7400.000  2.070
  7600.000  2.078
  7800.000  2.086
  8000.000  2.095
  8200.000  2.104
  8400.000  2.114
  8600.000  2.124
  8800.000  2.134
  9000.000  2.144
  9200.000  2.155
  9400.000  2.166
  9600.000  2.178
  9800.000  2.189
  10000.000  2.201
  10200.000  2.213
  10400.000  2.226
  10600.000  2.238
  10800.000  2.251
  11000.000  2.264
  11200.000  2.277
  11400.000  2.291
  11600.000  2.304
  11800.000  2.318
  12000.000  2.332
  12200.000  2.346
  12400.000  2.360
  12600.000  2.374
  12800.000  2.388
  13000.000  2.403
     -1.000  0.000

Energy levels of Bi III from C. E. Moore, Atomic Energy Levels, vol. 3.
Including 25 even and 14 odd.


James E. Lawler
Arthur and Aurelia Schawlow Professor of Physics
University of Wisconsin
1150 University Ave.
Madison, WI 53706

tele: 608 262 2918
fax:  608 265 2334

