05        Partition function for doubly ionized boron
     temp (K)     Z_BIII
  001.000  2.000
  200.000  2.000
  400.000  2.000
  600.000  2.000
  800.000  2.000
  1000.000  2.000
  1200.000  2.000
  1400.000  2.000
  1600.000  2.000
  1800.000  2.000
  2000.000  2.000
  2200.000  2.000
  2400.000  2.000
  2600.000  2.000
  2800.000  2.000
  3000.000  2.000
  3200.000  2.000
  3400.000  2.000
  3600.000  2.000
  3800.000  2.000
  4000.000  2.000
  4200.000  2.000
  4400.000  2.000
  4600.000  2.000
  4800.000  2.000
  5000.000  2.000
  5200.000  2.000
  5400.000  2.000
  5600.000  2.000
  5800.000  2.000
  6000.000  2.000
  6200.000  2.000
  6400.000  2.000
  6600.000  2.000
  6800.000  2.000
  7000.000  2.000
  7200.000  2.000
  7400.000  2.000
  7600.000  2.001
  7800.000  2.001
  8000.000  2.001
  8200.000  2.001
  8400.000  2.002
  8600.000  2.002
  8800.000  2.002
  9000.000  2.003
  9200.000  2.003
  9400.000  2.004
  9600.000  2.004
  9800.000  2.005
  10000.000  2.006
  10200.000  2.007
  10400.000  2.007
  10600.000  2.008
  10800.000  2.010
  11000.000  2.011
  11200.000  2.012
  11400.000  2.013
  11600.000  2.015
  11800.000  2.016
  12000.000  2.018
  12200.000  2.020
  12400.000  2.022
  12600.000  2.024
  12800.000  2.026
  13000.000  2.028
     -1.000  0.000
Energy levels of B III from nist.gov April 2002.


