58        Partition function for doubly ionized cerium
  temp (K)  Z_CeIII
   001.000  9.000
   200.000  9.000
   400.000  9.045
   600.000  9.294
   800.000  9.791
  1000.000  10.514
  1200.000  11.440
  1400.000  12.550
  1600.000  13.827
  1800.000  15.252
  2000.000  16.807
  2200.000  18.473
  2400.000  20.233
  2600.000  22.071
  2800.000  23.973
  3000.000  25.925
  3200.000  27.917
  3400.000  29.937
  3600.000  31.978
  3800.000  34.033
  4000.000  36.093
  4200.000  38.156
  4400.000  40.214
  4600.000  42.266
  4800.000  44.308
  5000.000  46.336
  5200.000  48.349
  5400.000  50.346
  5600.000  52.323
  5800.000  54.280
  6000.000  56.217
  6200.000  58.132
  6400.000  60.024
  6600.000  61.893
  6800.000  63.740
  7000.000  65.562
  7200.000  67.362
  7400.000  69.137
  7600.000  70.889
  7800.000  72.617
  8000.000  74.323
  8200.000  76.004
  8400.000  77.663
  8600.000  79.300
  8800.000  80.914
  9000.000  82.505
  9200.000  84.075
  9400.000  85.624
  9600.000  87.152
  9800.000  88.659
  10000.000  90.146
  10200.000  91.613
  10400.000  93.060
  10600.000  94.488
  10800.000  95.898
  11000.000  97.290
  11200.000  98.664
  11400.000  100.020
  11600.000  101.359
  11800.000  102.682
  12000.000  103.989
  12200.000  105.279
  12400.000  106.554
  12600.000  107.815
  12800.000  109.060
  13000.000  110.291
     -1.000    0.000
Energy levels of Ce III from nist.gov April 2002,
with a 8 new levels and 1 corrections from Wyart & Palmeri, Phys. Scr.
vol 58, p 368 (1998).


