17        Partition function for doubly ionized chlorine
     temp (K)     Z_ClIII
  001.000  4.000
  200.000  4.000
  400.000  4.000
  600.000  4.000
  800.000  4.000
  1000.000  4.000
  1200.000  4.000
  1400.000  4.000
  1600.000  4.000
  1800.000  4.000
  2000.000  4.000
  2200.000  4.000
  2400.000  4.000
  2600.000  4.000
  2800.000  4.001
  3000.000  4.002
  3200.000  4.003
  3400.000  4.005
  3600.000  4.007
  3800.000  4.011
  4000.000  4.015
  4200.000  4.021
  4400.000  4.027
  4600.000  4.035
  4800.000  4.045
  5000.000  4.056
  5200.000  4.069
  5400.000  4.083
  5600.000  4.099
  5800.000  4.116
  6000.000  4.135
  6200.000  4.156
  6400.000  4.179
  6600.000  4.203
  6800.000  4.228
  7000.000  4.256
  7200.000  4.284
  7400.000  4.315
  7600.000  4.346
  7800.000  4.380
  8000.000  4.414
  8200.000  4.450
  8400.000  4.487
  8600.000  4.525
  8800.000  4.565
  9000.000  4.605
  9200.000  4.647
  9400.000  4.689
  9600.000  4.733
  9800.000  4.777
  10000.000  4.822
  10200.000  4.868
  10400.000  4.915
  10600.000  4.962
  10800.000  5.010
  11000.000  5.059
  11200.000  5.108
  11400.000  5.158
  11600.000  5.209
  11800.000  5.259
  12000.000  5.311
  12200.000  5.362
  12400.000  5.414
  12600.000  5.467
  12800.000  5.520
  13000.000  5.573
     -1.000  0.000
Energy levels of Cl III from nist.gov April 2002.


