24        Partition function for doubly ionized chromium
     temp (K)     Z_CrIII
        1.000       1.000
      200.000       4.937
      400.000       9.060
      600.000      12.045
      800.000      14.159
     1000.000      15.705
     1200.000      16.874
     1400.000      17.787
     1600.000      18.519
     1800.000      19.116
     2000.000      19.614
     2200.000      20.035
     2400.000      20.396
     2600.000      20.710
     2800.000      20.986
     3000.000      21.233
     3200.000      21.456
     3400.000      21.661
     3600.000      21.853
     3800.000      22.036
     4000.000      22.213
     4200.000      22.387
     4400.000      22.561
     4600.000      22.737
     4800.000      22.917
     5000.000      23.103
     5200.000      23.297
     5400.000      23.498
     5600.000      23.709
     5800.000      23.929
     6000.000      24.161
     6200.000      24.403
     6400.000      24.657
     6600.000      24.923
     6800.000      25.200
     7000.000      25.489
     7200.000      25.790
     7400.000      26.103
     7600.000      26.427
     7800.000      26.762
     8000.000      27.109
     8200.000      27.466
     8400.000      27.834
     8600.000      28.213
     8800.000      28.601
     9000.000      28.999
     9200.000      29.406
     9400.000      29.823
     9600.000      30.248
     9800.000      30.681
    10000.000      31.123
    10200.000      31.572
    10400.000      32.029
    10600.000      32.493
    10800.000      32.964
    11000.000      33.442
    11200.000      33.926
    11400.000      34.416
    11600.000      34.912
    11800.000      35.413
    12000.000      35.920
    12200.000      36.432
    12400.000      36.950
    12600.000      37.472
    12800.000      37.998
    13000.000      38.529
       -1.000       0.000
Energy levels of Cr III from nist.gov April 2002.

