55        Partition function for doubly ionized Cesium
temp (K)  Z_CsIII
  001.000  4.000
  200.000  4.000
  400.000  4.000
  600.000  4.000
  800.000  4.000
  1000.000  4.000
  1200.000  4.000
  1400.000  4.000
  1600.000  4.000
  1800.000  4.000
  2000.000  4.000
  2200.000  4.000
  2400.000  4.000
  2600.000  4.001
  2800.000  4.002
  3000.000  4.003
  3200.000  4.004
  3400.000  4.006
  3600.000  4.008
  3800.000  4.011
  4000.000  4.014
  4200.000  4.017
  4400.000  4.022
  4600.000  4.026
  4800.000  4.032
  5000.000  4.037
  5200.000  4.043
  5400.000  4.050
  5600.000  4.057
  5800.000  4.064
  6000.000  4.072
  6200.000  4.080
  6400.000  4.089
  6600.000  4.098
  6800.000  4.107
  7000.000  4.116
  7200.000  4.126
  7400.000  4.135
  7600.000  4.145
  7800.000  4.156
  8000.000  4.166
  8200.000  4.176
  8400.000  4.187
  8600.000  4.197
  8800.000  4.208
  9000.000  4.219
  9200.000  4.229
  9400.000  4.240
  9600.000  4.251
  9800.000  4.262
  10000.000  4.273
  10200.000  4.284
  10400.000  4.294
  10600.000  4.305
  10800.000  4.316
  11000.000  4.327
  11200.000  4.338
  11400.000  4.348
  11600.000  4.359
  11800.000  4.370
  12000.000  4.380
  12200.000  4.391
  12400.000  4.401
  12600.000  4.411
  12800.000  4.422
  13000.000  4.432
     -1.000  0.000

Cs III  Energy Levels from Epstein & Reader,
J. Opt. Soc. Am vol 66, p 590 (1976).





James E. Lawler
Arthur and Aurelia Schawlow Professor of Physics
University of Wisconsin
1150 University Ave.
Madison, WI 53706

tele: 608 262 2918
fax:  608 265 2334

