29        Partition function for doubly ionized copper
temp (K)  Z_CuIII
        1.000       6.000
      200.000       6.000
      400.000       6.002
      600.000       6.028
      800.000       6.096
     1000.000       6.203
     1200.000       6.334
     1400.000       6.476
     1600.000       6.621
     1800.000       6.764
     2000.000       6.901
     2200.000       7.032
     2400.000       7.155
     2600.000       7.271
     2800.000       7.380
     3000.000       7.481
     3200.000       7.576
     3400.000       7.665
     3600.000       7.748
     3800.000       7.826
     4000.000       7.899
     4200.000       7.967
     4400.000       8.032
     4600.000       8.092
     4800.000       8.150
     5000.000       8.204
     5200.000       8.255
     5400.000       8.303
     5600.000       8.349
     5800.000       8.393
     6000.000       8.434
     6200.000       8.473
     6400.000       8.511
     6600.000       8.546
     6800.000       8.580
     7000.000       8.613
     7200.000       8.644
     7400.000       8.674
     7600.000       8.703
     7800.000       8.730
     8000.000       8.756
     8200.000       8.782
     8400.000       8.806
     8600.000       8.829
     8800.000       8.852
     9000.000       8.874
     9200.000       8.895
     9400.000       8.916
     9600.000       8.936
     9800.000       8.955
    10000.000       8.974
    10200.000       8.992
    10400.000       9.010
    10600.000       9.028
    10800.000       9.045
    11000.000       9.062
    11200.000       9.078
    11400.000       9.095
    11600.000       9.111
    11800.000       9.127
    12000.000       9.143
    12200.000       9.159
    12400.000       9.175
    12600.000       9.191
    12800.000       9.206
    13000.000       9.222
       -1.000       0.000
Energy levels of Cu III from nist.gov April 2002.

