63        Partition function for doubly ionized europium
temp (K)  Z_EuIII
  001.000  8.000
  200.000  8.000
  400.000  8.000
  600.000  8.000
  800.000  8.000
  1000.000  8.000
  1200.000  8.000
  1400.000  8.000
  1600.000  8.000
  1800.000  8.000
  2000.000  8.000
  2200.000  8.000
  2400.000  8.000
  2600.000  8.000
  2800.000  8.000
  3000.000  8.000
  3200.000  8.000
  3400.000  8.000
  3600.000  8.000
  3800.000  8.001
  4000.000  8.002
  4200.000  8.003
  4400.000  8.005
  4600.000  8.008
  4800.000  8.011
  5000.000  8.017
  5200.000  8.024
  5400.000  8.034
  5600.000  8.047
  5800.000  8.063
  6000.000  8.083
  6200.000  8.108
  6400.000  8.138
  6600.000  8.174
  6800.000  8.217
  7000.000  8.267
  7200.000  8.325
  7400.000  8.392
  7600.000  8.469
  7800.000  8.556
  8000.000  8.654
  8200.000  8.763
  8400.000  8.885
  8600.000  9.020
  8800.000  9.168
  9000.000  9.331
  9200.000  9.508
  9400.000  9.700
  9600.000  9.909
  9800.000  10.133
  10000.000  10.374
  10200.000  10.631
  10400.000  10.906
  10600.000  11.199
  10800.000  11.509
  11000.000  11.838
  11200.000  12.185
  11400.000  12.550
  11600.000  12.934
  11800.000  13.337
  12000.000  13.758
  12200.000  14.198
  12400.000  14.657
  12600.000  15.136
  12800.000  15.632
  13000.000  16.148
     -1.000   0.000

Energy levels of Eu III from nist.gov June  2002.
Fake levels,  3 odd, and  9 even, between 28000 cm_1 and  85,000 cm_1
have been added to replace missing levels in nist.gov.
These levels changed the partition functions by 0% (1.4%) at
5000K (10000K).


