26        Partition function for doubly ionized iron
temp (K)  Z_FeIII
        1.000       9.000
      200.000       9.332
      400.000      10.938
      600.000      12.715
      800.000      14.237
     1000.000      15.476
     1200.000      16.483
     1400.000      17.309
     1600.000      17.996
     1800.000      18.573
     2000.000      19.065
     2200.000      19.488
     2400.000      19.856
     2600.000      20.179
     2800.000      20.464
     3000.000      20.719
     3200.000      20.949
     3400.000      21.158
     3600.000      21.350
     3800.000      21.528
     4000.000      21.696
     4200.000      21.855
     4400.000      22.008
     4600.000      22.157
     4800.000      22.304
     5000.000      22.451
     5200.000      22.598
     5400.000      22.748
     5600.000      22.902
     5800.000      23.060
     6000.000      23.223
     6200.000      23.393
     6400.000      23.569
     6600.000      23.753
     6800.000      23.944
     7000.000      24.144
     7200.000      24.351
     7400.000      24.568
     7600.000      24.793
     7800.000      25.027
     8000.000      25.271
     8200.000      25.523
     8400.000      25.784
     8600.000      26.054
     8800.000      26.333
     9000.000      26.621
     9200.000      26.917
     9400.000      27.222
     9600.000      27.535
     9800.000      27.857
    10000.000      28.186
    10200.000      28.523
    10400.000      28.868
    10600.000      29.221
    10800.000      29.581
    11000.000      29.948
    11200.000      30.321
    11400.000      30.702
    11600.000      31.089
    11800.000      31.483
    12000.000      31.883
    12200.000      32.289
    12400.000      32.701
    12600.000      33.119
    12800.000      33.542
    13000.000      33.971
       -1.000       0.000
Energy levels of Fe III from nist.gov April 2003.

