09        Partition function for doubly ionized fluorine
     temp (K)     Z_FIII
  001.000  4.000
  200.000  4.000
  400.000  4.000
  600.000  4.000
  800.000  4.000
  1000.000  4.000
  1200.000  4.000
  1400.000  4.000
  1600.000  4.000
  1800.000  4.000
  2000.000  4.000
  2200.000  4.000
  2400.000  4.000
  2600.000  4.000
  2800.000  4.000
  3000.000  4.000
  3200.000  4.000
  3400.000  4.000
  3600.000  4.000
  3800.000  4.000
  4000.000  4.000
  4200.000  4.000
  4400.000  4.000
  4600.000  4.000
  4800.000  4.000
  5000.000  4.001
  5200.000  4.001
  5400.000  4.001
  5600.000  4.002
  5800.000  4.002
  6000.000  4.003
  6200.000  4.004
  6400.000  4.005
  6600.000  4.006
  6800.000  4.007
  7000.000  4.009
  7200.000  4.011
  7400.000  4.013
  7600.000  4.016
  7800.000  4.019
  8000.000  4.022
  8200.000  4.026
  8400.000  4.030
  8600.000  4.034
  8800.000  4.039
  9000.000  4.044
  9200.000  4.050
  9400.000  4.056
  9600.000  4.063
  9800.000  4.070
  10000.000  4.078
  10200.000  4.086
  10400.000  4.094
  10600.000  4.103
  10800.000  4.113
  11000.000  4.123
  11200.000  4.133
  11400.000  4.144
  11600.000  4.156
  11800.000  4.168
  12000.000  4.180
  12200.000  4.193
  12400.000  4.206
  12600.000  4.220
  12800.000  4.235
  13000.000  4.249
     -1.000  0.000
Energy levels of F III from nist.gov April 2002.


