31        Partition function for doubly ionized gallium
     temp (K)     Z_GaIII
        1.000       2.000
      200.000       2.000
      400.000       2.000
      600.000       2.000
      800.000       2.000
     1000.000       2.000
     1200.000       2.000
     1400.000       2.000
     1600.000       2.000
     1800.000       2.000
     2000.000       2.000
     2200.000       2.000
     2400.000       2.000
     2600.000       2.000
     2800.000       2.000
     3000.000       2.000
     3200.000       2.000
     3400.000       2.000
     3600.000       2.000
     3800.000       2.000
     4000.000       2.000
     4200.000       2.000
     4400.000       2.000
     4600.000       2.000
     4800.000       2.000
     5000.000       2.000
     5200.000       2.000
     5400.000       2.000
     5600.000       2.000
     5800.000       2.000
     6000.000       2.000
     6200.000       2.000
     6400.000       2.000
     6600.000       2.000
     6800.000       2.000
     7000.000       2.000
     7200.000       2.000
     7400.000       2.000
     7600.000       2.000
     7800.000       2.000
     8000.000       2.000
     8200.000       2.000
     8400.000       2.000
     8600.000       2.000
     8800.000       2.000
     9000.000       2.000
     9200.000       2.000
     9400.000       2.000
     9600.000       2.000
     9800.000       2.000
    10000.000       2.000
    10200.000       2.001
    10400.000       2.001
    10600.000       2.001
    10800.000       2.001
    11000.000       2.001
    11200.000       2.001
    11400.000       2.001
    11600.000       2.002
    11800.000       2.002
    12000.000       2.002
    12200.000       2.002
    12400.000       2.003
    12600.000       2.003
    12800.000       2.003
    13000.000       2.004
       -1.000       0.000
Energy levels of Ga III from nist.gov April 2002.

