67        Partition function for doubly ionized holmium
temp (K)  Z_HoIII
  001.000  16.000
  200.000  16.000
  400.000  16.000
  600.000  16.000
  800.000  16.001
  1000.000  16.006
  1200.000  16.021
  1400.000  16.054
  1600.000  16.111
  1800.000  16.195
  2000.000  16.309
  2200.000  16.453
  2400.000  16.626
  2600.000  16.828
  2800.000  17.057
  3000.000  17.314
  3200.000  17.598
  3400.000  17.908
  3600.000  18.246
  3800.000  18.611
  4000.000  19.006
  4200.000  19.431
  4400.000  19.888
  4600.000  20.379
  4800.000  20.906
  5000.000  21.470
  5200.000  22.074
  5400.000  22.720
  5600.000  23.409
  5800.000  24.144
  6000.000  24.925
  6200.000  25.755
  6400.000  26.635
  6600.000  27.565
  6800.000  28.547
  7000.000  29.581
  7200.000  30.669
  7400.000  31.810
  7600.000  33.005
  7800.000  34.254
  8000.000  35.557
  8200.000  36.914
  8400.000  38.324
  8600.000  39.787
  8800.000  41.303
  9000.000  42.870
  9200.000  44.489
  9400.000  46.159
  9600.000  47.877
  9800.000  49.645
  10000.000  51.460
  10200.000  53.321
  10400.000  55.229
  10600.000  57.180
  10800.000  59.175
  11000.000  61.212
  11200.000  63.290
  11400.000  65.408
  11600.000  67.565
  11800.000  69.759
  12000.000  71.989
  12200.000  74.255
  12400.000  76.554
  12600.000  78.886
  12800.000  81.250
  13000.000  83.645
     -1.000   0.000

Energy levels of Ho III from nist.gov June 2002.
Fake levels, 3 odd and 1 even, between 19000 and 80000 cm_1
have been added to replace missing levels in nist.gov.
These levels changed the partition functions by 0.1% (1.3%) at
5000K (10000K).


