36        Partition function for doubly ionized krypton
     temp (K)     Z_KrIII
        1.000       5.000
      200.000       5.000
      400.000       5.000
      600.000       5.000
      800.000       5.001
     1000.000       5.005
     1200.000       5.015
     1400.000       5.032
     1600.000       5.059
     1800.000       5.093
     2000.000       5.136
     2200.000       5.185
     2400.000       5.238
     2600.000       5.296
     2800.000       5.358
     3000.000       5.421
     3200.000       5.487
     3400.000       5.553
     3600.000       5.621
     3800.000       5.689
     4000.000       5.758
     4200.000       5.827
     4400.000       5.896
     4600.000       5.964
     4800.000       6.033
     5000.000       6.101
     5200.000       6.169
     5400.000       6.237
     5600.000       6.304
     5800.000       6.371
     6000.000       6.437
     6200.000       6.503
     6400.000       6.568
     6600.000       6.633
     6800.000       6.697
     7000.000       6.761
     7200.000       6.824
     7400.000       6.886
     7600.000       6.948
     7800.000       7.010
     8000.000       7.070
     8200.000       7.130
     8400.000       7.189
     8600.000       7.248
     8800.000       7.306
     9000.000       7.364
     9200.000       7.421
     9400.000       7.477
     9600.000       7.532
     9800.000       7.587
    10000.000       7.641
    10200.000       7.695
    10400.000       7.748
    10600.000       7.800
    10800.000       7.852
    11000.000       7.903
    11200.000       7.954
    11400.000       8.004
    11600.000       8.053
    11800.000       8.102
    12000.000       8.151
    12200.000       8.198
    12400.000       8.245
    12600.000       8.292
    12800.000       8.338
    13000.000       8.383
       -1.000       0.000
Energy levels of Kr III from nist.gov April 2002.




James E. Lawler
Arthur and Aurelia Schawlow Professor of Physics
University of Wisconsin
1150 University Ave.
Madison, WI 53706

tele: 608 262 2918
fax:  608 265 2334
