71        Partition function for doubly ionized lutetium
temp (K)  Z_LuIII
  001.000  2.000
  200.000  2.000
  400.000  2.000
  600.000  2.000
  800.000  2.000
  1000.000  2.001
  1200.000  2.004
  1400.000  2.012
  1600.000  2.026
  1800.000  2.048
  2000.000  2.078
  2200.000  2.117
  2400.000  2.164
  2600.000  2.220
  2800.000  2.283
  3000.000  2.354
  3200.000  2.430
  3400.000  2.512
  3600.000  2.598
  3800.000  2.688
  4000.000  2.781
  4200.000  2.876
  4400.000  2.974
  4600.000  3.072
  4800.000  3.172
  5000.000  3.272
  5200.000  3.373
  5400.000  3.473
  5600.000  3.574
  5800.000  3.673
  6000.000  3.772
  6200.000  3.871
  6400.000  3.968
  6600.000  4.064
  6800.000  4.159
  7000.000  4.253
  7200.000  4.346
  7400.000  4.437
  7600.000  4.527
  7800.000  4.616
  8000.000  4.703
  8200.000  4.789
  8400.000  4.874
  8600.000  4.957
  8800.000  5.039
  9000.000  5.119
  9200.000  5.199
  9400.000  5.277
  9600.000  5.353
  9800.000  5.429
  10000.000  5.503
  10200.000  5.576
  10400.000  5.648
  10600.000  5.719
  10800.000  5.788
  11000.000  5.857
  11200.000  5.924
  11400.000  5.991
  11600.000  6.056
  11800.000  6.121
  12000.000  6.184
  12200.000  6.247
  12400.000  6.309
  12600.000  6.369
  12800.000  6.429
  13000.000  6.488
     -1.000  0.000

Energy levels of Lu III from nist.gov June 2002.


