25        Partition function for doubly ionized manganese
     temp (K)     Z_MnIII
        1.000       6.000
      200.000       6.000
      400.000       6.000
      600.000       6.000
      800.000       6.000
     1000.000       6.000
     1200.000       6.000
     1400.000       6.000
     1600.000       6.000
     1800.000       6.000
     2000.000       6.000
     2200.000       6.000
     2400.000       6.000
     2600.000       6.000
     2800.000       6.000
     3000.000       6.000
     3200.000       6.000
     3400.000       6.000
     3600.000       6.001
     3800.000       6.002
     4000.000       6.003
     4200.000       6.005
     4400.000       6.007
     4600.000       6.010
     4800.000       6.015
     5000.000       6.021
     5200.000       6.029
     5400.000       6.038
     5600.000       6.050
     5800.000       6.064
     6000.000       6.082
     6200.000       6.102
     6400.000       6.125
     6600.000       6.153
     6800.000       6.184
     7000.000       6.219
     7200.000       6.259
     7400.000       6.303
     7600.000       6.353
     7800.000       6.407
     8000.000       6.467
     8200.000       6.532
     8400.000       6.603
     8600.000       6.680
     8800.000       6.762
     9000.000       6.851
     9200.000       6.946
     9400.000       7.047
     9600.000       7.155
     9800.000       7.269
    10000.000       7.390
    10200.000       7.517
    10400.000       7.651
    10600.000       7.792
    10800.000       7.939
    11000.000       8.093
    11200.000       8.254
    11400.000       8.422
    11600.000       8.596
    11800.000       8.778
    12000.000       8.965
    12200.000       9.160
    12400.000       9.361
    12600.000       9.569
    12800.000       9.784
    13000.000      10.005
       -1.000       0.000
Energy levels of Mn III from nist.gov April 2002.

