60        Partition function for doubly ionized neodymium
temp (K)  Z_NdIII
  001.000  9.000
  200.000  9.003
  400.000  9.186
  600.000  9.763
  800.000  10.619
  1000.000  11.642
  1200.000  12.766
  1400.000  13.954
  1600.000  15.178
  1800.000  16.418
  2000.000  17.658
  2200.000  18.885
  2400.000  20.090
  2600.000  21.269
  2800.000  22.417
  3000.000  23.533
  3200.000  24.615
  3400.000  25.666
  3600.000  26.686
  3800.000  27.679
  4000.000  28.646
  4200.000  29.590
  4400.000  30.515
  4600.000  31.424
  4800.000  32.320
  5000.000  33.206
  5200.000  34.084
  5400.000  34.957
  5600.000  35.828
  5800.000  36.699
  6000.000  37.571
  6200.000  38.447
  6400.000  39.328
  6600.000  40.214
  6800.000  41.108
  7000.000  42.011
  7200.000  42.922
  7400.000  43.843
  7600.000  44.774
  7800.000  45.715
  8000.000  46.667
  8200.000  47.629
  8400.000  48.603
  8600.000  49.587
  8800.000  50.582
  9000.000  51.587
  9200.000  52.603
  9400.000  53.628
  9600.000  54.663
  9800.000  55.708
  10000.000  56.761
  10200.000  57.823
  10400.000  58.893
  10600.000  59.970
  10800.000  61.055
  11000.000  62.147
  11200.000  63.245
  11400.000  64.349
  11600.000  65.458
  11800.000  66.572
  12000.000  67.691
  12200.000  68.814
  12400.000  69.941
  12600.000  71.071
  12800.000  72.204
  13000.000  73.340
     -1.000   0.000

Energy levels of Nd III from nist.gov June 2002.
One fake level between 23000 and 24000 cm_1
has been added to replace a missing level in nist.gov.
This level changed the partition functions by 0% (0.9%) at
5000K (10000K).



