10        Partition function for doubly ionized neon
     temp (K)     Z_NeIII
  001.000  5.000
  200.000  5.031
  400.000  5.334
  600.000  5.752
  800.000  6.135
  1000.000  6.456
  1200.000  6.720
  1400.000  6.938
  1600.000  7.120
  1800.000  7.274
  2000.000  7.405
  2200.000  7.518
  2400.000  7.616
  2600.000  7.703
  2800.000  7.779
  3000.000  7.847
  3200.000  7.908
  3400.000  7.963
  3600.000  8.013
  3800.000  8.058
  4000.000  8.099
  4200.000  8.137
  4400.000  8.172
  4600.000  8.205
  4800.000  8.235
  5000.000  8.264
  5200.000  8.290
  5400.000  8.315
  5600.000  8.339
  5800.000  8.362
  6000.000  8.384
  6200.000  8.404
  6400.000  8.424
  6600.000  8.444
  6800.000  8.463
  7000.000  8.481
  7200.000  8.499
  7400.000  8.517
  7600.000  8.534
  7800.000  8.551
  8000.000  8.568
  8200.000  8.585
  8400.000  8.601
  8600.000  8.618
  8800.000  8.634
  9000.000  8.651
  9200.000  8.667
  9400.000  8.683
  9600.000  8.700
  9800.000  8.716
  10000.000  8.733
  10200.000  8.749
  10400.000  8.766
  10600.000  8.782
  10800.000  8.799
  11000.000  8.816
  11200.000  8.832
  11400.000  8.849
  11600.000  8.866
  11800.000  8.883
  12000.000  8.900
  12200.000  8.917
  12400.000  8.934
  12600.000  8.951
  12800.000  8.968
  13000.000  8.986
     -1.000  0.000
Energy levels of Ne III from nist.gov April 2002.


