28        Partition function for doubly ionized nickel
     temp (K)     Z_NiIII
        1.000       9.000
      200.000       9.000
      400.000       9.054
      600.000       9.290
      800.000       9.690
     1000.000      10.179
     1200.000      10.698
     1400.000      11.214
     1600.000      11.709
     1800.000      12.174
     2000.000      12.607
     2200.000      13.009
     2400.000      13.380
     2600.000      13.724
     2800.000      14.042
     3000.000      14.337
     3200.000      14.613
     3400.000      14.870
     3600.000      15.112
     3800.000      15.340
     4000.000      15.556
     4200.000      15.762
     4400.000      15.959
     4600.000      16.147
     4800.000      16.329
     5000.000      16.505
     5200.000      16.676
     5400.000      16.842
     5600.000      17.005
     5800.000      17.164
     6000.000      17.320
     6200.000      17.474
     6400.000      17.625
     6600.000      17.775
     6800.000      17.923
     7000.000      18.069
     7200.000      18.215
     7400.000      18.359
     7600.000      18.502
     7800.000      18.644
     8000.000      18.785
     8200.000      18.926
     8400.000      19.066
     8600.000      19.205
     8800.000      19.344
     9000.000      19.483
     9200.000      19.620
     9400.000      19.758
     9600.000      19.895
     9800.000      20.032
    10000.000      20.168
    10200.000      20.304
    10400.000      20.440
    10600.000      20.575
    10800.000      20.711
    11000.000      20.846
    11200.000      20.981
    11400.000      21.116
    11600.000      21.250
    11800.000      21.385
    12000.000      21.520
    12200.000      21.654
    12400.000      21.789
    12600.000      21.924
    12800.000      22.059
    13000.000      22.194
       -1.000       0.000
Energy levels of Ni III from nist.gov April 2002.

