15        Partition function for doubly ionized phosphorous
     temp (K)     Z_PIII
  001.000  2.000
  200.000  2.072
  400.000  2.535
  600.000  3.047
  800.000  3.463
  1000.000  3.789
  1200.000  4.046
  1400.000  4.252
  1600.000  4.419
  1800.000  4.558
  2000.000  4.675
  2200.000  4.775
  2400.000  4.861
  2600.000  4.936
  2800.000  5.001
  3000.000  5.059
  3200.000  5.111
  3400.000  5.157
  3600.000  5.199
  3800.000  5.237
  4000.000  5.271
  4200.000  5.303
  4400.000  5.332
  4600.000  5.358
  4800.000  5.383
  5000.000  5.406
  5200.000  5.427
  5400.000  5.446
  5600.000  5.465
  5800.000  5.482
  6000.000  5.498
  6200.000  5.513
  6400.000  5.528
  6600.000  5.541
  6800.000  5.554
  7000.000  5.566
  7200.000  5.577
  7400.000  5.588
  7600.000  5.598
  7800.000  5.608
  8000.000  5.618
  8200.000  5.627
  8400.000  5.635
  8600.000  5.644
  8800.000  5.652
  9000.000  5.659
  9200.000  5.667
  9400.000  5.674
  9600.000  5.681
  9800.000  5.688
  10000.000  5.694
  10200.000  5.701
  10400.000  5.707
  10600.000  5.713
  10800.000  5.719
  11000.000  5.725
  11200.000  5.731
  11400.000  5.737
  11600.000  5.743
  11800.000  5.749
  12000.000  5.754
  12200.000  5.760
  12400.000  5.766
  12600.000  5.772
  12800.000  5.778
  13000.000  5.784
     -1.000  0.000
Energy levels of P III from nist.gov April 2002.


