51        Partition function for doubly ionized antimony
temp (K)  Z_SbIII
      001.000       2.000
      200.000       2.000
      400.000       2.000
      600.000       2.000
      800.000       2.000
     1000.000       2.000
     1200.000       2.002
     1400.000       2.005
     1600.000       2.011
     1800.000       2.021
     2000.000       2.035
     2200.000       2.054
     2400.000       2.078
     2600.000       2.105
     2800.000       2.136
     3000.000       2.171
     3200.000       2.208
     3400.000       2.247
     3600.000       2.289
     3800.000       2.332
     4000.000       2.376
     4200.000       2.420
     4400.000       2.466
     4600.000       2.511
     4800.000       2.557
     5000.000       2.603
     5200.000       2.648
     5400.000       2.694
     5600.000       2.738
     5800.000       2.783
     6000.000       2.826
     6200.000       2.870
     6400.000       2.912
     6600.000       2.954
     6800.000       2.995
     7000.000       3.035
     7200.000       3.075
     7400.000       3.114
     7600.000       3.152
     7800.000       3.189
     8000.000       3.226
     8200.000       3.262
     8400.000       3.297
     8600.000       3.332
     8800.000       3.366
     9000.000       3.399
     9200.000       3.431
     9400.000       3.463
     9600.000       3.495
     9800.000       3.525
    10000.000       3.555
    10200.000       3.585
    10400.000       3.614
    10600.000       3.642
    10800.000       3.670
    11000.000       3.698
    11200.000       3.725
    11400.000       3.751
    11600.000       3.778
    11800.000       3.803
    12000.000       3.829
    12200.000       3.854
    12400.000       3.878
    12600.000       3.903
    12800.000       3.927
    13000.000       3.950
       -1.000       0.000

Energy levels of Sb III from C. E. Moore, Atomic Energy Levels, vol 2,
including 6 odd and 19 even.



James E. Lawler
Arthur and Aurelia Schawlow Professor of Physics
University of Wisconsin
1150 University Ave.
Madison, WI 53706

tele: 608 262 2918
fax:  608 265 2334


