22        Partition function for doubly ionized titanium
     temp (K)     Z_TiIII
        1.000       5.000
      200.000       7.288
      400.000      10.583
      600.000      12.777
      800.000      14.245
     1000.000      15.280
     1200.000      16.045
     1400.000      16.632
     1600.000      17.098
     1800.000      17.477
     2000.000      17.795
     2200.000      18.068
     2400.000      18.308
     2600.000      18.525
     2800.000      18.724
     3000.000      18.912
     3200.000      19.091
     3400.000      19.264
     3600.000      19.434
     3800.000      19.602
     4000.000      19.769
     4200.000      19.936
     4400.000      20.103
     4600.000      20.271
     4800.000      20.440
     5000.000      20.610
     5200.000      20.781
     5400.000      20.953
     5600.000      21.126
     5800.000      21.300
     6000.000      21.474
     6200.000      21.649
     6400.000      21.824
     6600.000      22.000
     6800.000      22.175
     7000.000      22.351
     7200.000      22.526
     7400.000      22.701
     7600.000      22.876
     7800.000      23.051
     8000.000      23.224
     8200.000      23.398
     8400.000      23.570
     8600.000      23.743
     8800.000      23.914
     9000.000      24.084
     9200.000      24.254
     9400.000      24.423
     9600.000      24.591
     9800.000      24.758
    10000.000      24.924
    10200.000      25.089
    10400.000      25.253
    10600.000      25.417
    10800.000      25.579
    11000.000      25.740
    11200.000      25.901
    11400.000      26.061
    11600.000      26.219
    11800.000      26.377
    12000.000      26.534
    12200.000      26.690
    12400.000      26.845
    12600.000      26.999
    12800.000      27.152
    13000.000      27.305
       -1.000       0.000
Energy levels of Ti III from nist.gov April 2002.

