69        Partition function for doubly ionized thulium
temp (K)  Z_TmIII
  001.000  8.000
  200.000  8.000
  400.000  8.000
  600.000  8.000
  800.000  8.000
  1000.000  8.000
  1200.000  8.000
  1400.000  8.001
  1600.000  8.002
  1800.000  8.005
  2000.000  8.011
  2200.000  8.019
  2400.000  8.031
  2600.000  8.047
  2800.000  8.066
  3000.000  8.090
  3200.000  8.117
  3400.000  8.149
  3600.000  8.184
  3800.000  8.223
  4000.000  8.267
  4200.000  8.315
  4400.000  8.368
  4600.000  8.426
  4800.000  8.490
  5000.000  8.560
  5200.000  8.637
  5400.000  8.723
  5600.000  8.817
  5800.000  8.921
  6000.000  9.036
  6200.000  9.163
  6400.000  9.302
  6600.000  9.455
  6800.000  9.622
  7000.000  9.805
  7200.000  10.005
  7400.000  10.222
  7600.000  10.457
  7800.000  10.711
  8000.000  10.985
  8200.000  11.280
  8400.000  11.595
  8600.000  11.933
  8800.000  12.292
  9000.000  12.674
  9200.000  13.080
  9400.000  13.509
  9600.000  13.962
  9800.000  14.439
  10000.000  14.940
  10200.000  15.465
  10400.000  16.016
  10600.000  16.591
  10800.000  17.191
  11000.000  17.815
  11200.000  18.464
  11400.000  19.138
  11600.000  19.837
  11800.000  20.560
  12000.000  21.307
  12200.000  22.078
  12400.000  22.873
  12600.000  23.692
  12800.000  24.534
  13000.000  25.400
     -1.000   0.000

Energy levels of Tm III from nist.gov June 2002.
Fake levels, 4 odd and 3 even, between 44000 and 84000 cm_1
have been added to replace missing levels in nist.gov.
These levels changed the partition functions by 0.0% (0.2%) at
5000K (10000K).


