92        Partition Functions for uranium
  temp (K)    Z_U I   Z_U II
   001.000   99999.   10.000
   500.000   99999.   16.050
  1000.000   99999.   22.256
  1500.000   99999.   28.176
  2000.000   99999.   34.893
  2500.000   99999.   43.209
  3000.000   99999.   53.695
  3500.000   99999.   66.787
  4000.000   99999.   82.818
  4500.000   99999.  102.035
  5000.000   99999.  124.614
  5500.000   99999.  150.675
  6000.000   99999.  180.289
  6500.000   99999.  213.489
  7000.000   99999.  250.272
  7500.000   99999.  290.606
  8000.000   99999.  334.427
  8500.000   99999.  381.644
  9000.000   99999.  432.143
  9500.000   99999.  485.788
 10000.000   99999.  542.428
    -1.000    0.000    0.000

These U II energy levels are from Blaise et al. JOSAB vol 11, p 1897 (1994).



