39        Partition function for doubly ionized ytterbium
temp (K)  Z_YIII
  001.000  4.000
  200.000  4.033
  400.000  4.443
  600.000  5.055
  800.000  5.629
  1000.000  6.115
  1200.000  6.516
  1400.000  6.850
  1600.000  7.129
  1800.000  7.367
  2000.000  7.571
  2200.000  7.750
  2400.000  7.908
  2600.000  8.050
  2800.000  8.177
  3000.000  8.294
  3200.000  8.401
  3400.000  8.500
  3600.000  8.592
  3800.000  8.678
  4000.000  8.759
  4200.000  8.836
  4400.000  8.908
  4600.000  8.977
  4800.000  9.042
  5000.000  9.104
  5200.000  9.163
  5400.000  9.220
  5600.000  9.274
  5800.000  9.327
  6000.000  9.377
  6200.000  9.425
  6400.000  9.472
  6600.000  9.516
  6800.000  9.560
  7000.000  9.602
  7200.000  9.642
  7400.000  9.681
  7600.000  9.719
  7800.000  9.756
  8000.000  9.792
  8200.000  9.827
  8400.000  9.860
  8600.000  9.893
  8800.000  9.925
  9000.000  9.957
  9200.000  9.987
  9400.000  10.017
  9600.000  10.046
  9800.000  10.075
  10000.000  10.102
  10200.000  10.130
  10400.000  10.157
  10600.000  10.183
  10800.000  10.209
  11000.000  10.234
  11200.000  10.259
  11400.000  10.284
  11600.000  10.308
  11800.000  10.332
  12000.000  10.355
  12200.000  10.378
  12400.000  10.401
  12600.000  10.424
  12800.000  10.446
  13000.000  10.469
     -1.000   0.000

Energy levels of Y III from C. E. Moore, Atomic Energy Levels, vol 2,
including 4 odd and 6 even.





James E. Lawler
Arthur and Aurelia Schawlow Professor of Physics
University of Wisconsin
1150 University Ave.
Madison, WI 53706

tele: 608 262 2918
fax:  608 265 2334

