lim      
55010.
J      E 
 2  |     0.000  
 3  |   170.132  
 4  |   386.874  
    |            
 1  |  6556.828  
 2  |  6598.749  
 3  |  6661.003  
 4  |  6742.757  
 5  |  6842.964  
    |            
 2  |  7255.369  
    |            
 0  |  8436.618  
 1  |  8492.421  
 2  |  8602.340  
    |            
 2  | 11531.760  
 3  | 11639.804  
 4  | 11776.806  
    |            
 4  | 12118.394  
    |            
 1  | 13981.75   
 2  | 14028.47   
 3  | 14105.68   
    |            
 3  | 15108.121  
 4  | 15156.787  
 5  | 15220.390  
    |            
 2  | 15877.18   
 3  | 15975.59   
 4  | 16106.08   
 5  | 16267.51   
 6  | 16458.71   
    |            
 1  | 16817.19   
 2  | 16875.19   
 3  | 16961.42   
 4  | 17075.31   
 5  | 17215.44   
    |            
 1  | 17369.59   
 2  | 17423.853  
 3  | 17540.205  
    |            
 0  | 17995.75   
 1  | 18061.54   
 2  | 18145.40   
    |            
 4  | 18037.225  
 5  | 18141.229  
 6  | 18192.577  
    |            
 4  | 18287.560  
    |            
 0  | 18462.83   
 1  | 18482.86   
 2  | 18525.07   
 3  | 18593.99   
 4  | 18695.23   
    |            
 0  | 18818.23   
 1  | 18825.89   
 2  | 18911.399  
    |            
 2  | 19322.988  
 3  | 19421.576  
 4  | 19573.968  
    |            
 1  | 19937.859  
 2  | 20006.032  
 3  | 20126.055  
    |            
 1  | 20062.98   
    |            
 2  | 20209.444  
    |            
 5  | 20795.599  
    |            
 3  | 21469.494  
 4  | 21588.496  
 5  | 21739.713  
    |            
 2  | 22081.198  
    |            
 3  | 22404.69   
    |            
 4  | 24694.895  
    |            
 1  | 24921.110  
    |            
 2  | 25102.88   
    |            
 2  | 25107.417  
 3  | 25227.217  
 4  | 25388.334  
    |            
 1  | 25317.813  
    |            
 2  | 25438.898  
    |            
 2  | 25493.722  
 1  | 25537.276  
    |            
 0  | 25605.03   
 1  | 25635.74   
 2  | 25699.95   
 3  | 25797.60   
 4  | 25926.771  
    |            
 3  | 25643.695  
    |            
 2  | 26494.322  
 3  | 26564.385  
 4  | 26657.409  
 5  | 26772.965  
 6  | 26910.705  
    |            
 2  | 26803.417  
 3  | 26892.926  
 4  | 27025.652  
    |            
 1  | 27355.042  
 2  | 27418.015  
 3  | 27480.047  
    |            
 3  | 27498.975  
 4  | 27614.667  
 5  | 27750.124  
    |            
 1  | 27665.57   
 2  | 27740.19   
 3  | 27887.74   
    |            
 2  | 27907.026  
    |            
 1  | 28596.293  
 2  | 28638.832  
 3  | 28702.768  
 4  | 28788.372  
 5  | 28896.062  
    |            
 0  | 28772.86   
 1  | 28791.62   
 2  | 28828.51   
 3  | 28882.44   
 4  | 28952.10   
    |            
 1  | 29661.232  
 2  | 29768.655  
    |            
 3  | 29818.31   
    |            
 0  | 29829.097  
 1  | 29855.248  
 2  | 29907.273  
 3  | 29986.185  
 4  | 30060.328  
    |            
 3  | 29912.262  
    |            
 3  | 29914.720  
 4  | 29971.078  
 5  | 30039.211  
    |            
 1  | 31184.021  
 2  | 31190.631  
 3  | 31205.985  
    |            
 3  | 31373.801  
 4  | 31489.451  
 5  | 31628.668  
    |            
 0  | 31685.90   
 1  | 31725.75   
 2  | 31805.94   
    |            
 4  | 31829.972  
 5  | 31914.277  
 6  | 32013.534  
    |            
 3  | 32857.721  
    |            
 0  | 33085.153  
 1  | 33090.492  
 2  | 33114.412  
    |            
 2  | 33655.853  
 3  | 33680.130  
 4  | 33700.874  
    |            
 1  | 33660.671  
    |            
 2  | 33980.639  
 3  | 34078.580  
 4  | 34204.971  
    |            
 0  | 34170.95   
 1  | 34327.96   
 2  | 34535.04   
    |            
 5  | 34700.212  
    |            
 1  | 34947.120  
    |            
 2  | 35035.147  
    |            
 1  | 35439.228  
    |            
 4  | 35454.051  
 5  | 35559.627  
 6  | 35685.160  
    |            
 0  | 35503.40   
 1  | 35527.76   
 2  | 35577.14   
 3  | 35652.95   
 4  | 35757.51   
    |            
 1  | 35959.07   
 2  | 36013.57   
 3  | 36096.47   
 4  | 36208.92   
 5  | 36351.43   
    |            
 4  | 36000.144  
    |            
 3  | 36065.75   
 4  | 36132.21   
 5  | 36200.94   
    |            
 1  | 36298.43   
 2  | 36340.67   
 3  | 36414.58   
    |            
 0  | 37090.65   
 1  | 37172.947  
 2  | 37325.407  
    |            
 2  | 37359.13   
    |            
 2  | 37538.804  
 3  | 37659.927  
 4  | 37824.748  
    |            
 3  | 37555.021  
 4  | 37617.868  
 5  | 37690.320  
    |            
 3  | 37622.573  
    |            
 2  | 37654.77   
 3  | 37743.933  
 4  | 37852.434  
    |            
 1  | 37852.021  
 2  | 37976.78   
 3  | 38159.71   
    |            
 0  | 38200.94   
    |            
 2  | 38451.298  
 3  | 38544.38   
 4  | 38670.710  
    |            
 5  | 38572.692  
 6  | 38668.832  
 7  | 38779.856  
    |            
 1  | 38654.23   
 2  | 38699.767  
 3  | 38764.832  
    |            
 4  | 38959.499  
    |            
 1  | 39077.713  
    |            
 1  | 39107.25   
 2  | 39149.26   
 3  | 39214.38   
 4  | 39302.36   
 5  | 39412.78   
    |            
 4  | 39115.958  
 5  | 39152.057  
 6  | 39198.320  
    |            
 2  | 39265.80   
    |            
 2  | 39526.89   
 3  | 39640.98   
 4  | 39785.94   
    |            
 1  | 39662.15   
 2  | 39686.10   
 3  | 39715.437  
    |            
 3  | 40302.950  
    |            
 6  | 40319.80   
    |            
 0  | 40369.76   
 2  | 40466.979  
    |            
 1  | 40384.58   
    |            
 1  | 40556.07   
 2  | 40670.60   
 3  | 40844.19   
    |            
 1  | 40844.19   
    |            
 5  | 41039.874  
    |            
 3  | 41087.31   
    |            
 3  | 41170.003  
 4  | 41255.400  
 5  | 41341.553  
    |            
 3  | 41194.42   
 4  | 41368.86   
 5  | 41481.13   
    |            
 2  | 41337.43   
 3  | 41457.653  
 4  | 41624.209  
    |            
 4  | 41515.09   
 5  | 41556.33   
 6  | 41615.02   
    |            
 3  | 41585.24   
    |            
 2  | 41714.35   
 3  | 41757.47   
 4  | 41818.70   
 5  | 41903.48   
 6  | 42019.22   
    |            
 4  | 41780.95   
    |            
 0  | 41822.99   
 1  | 41854.01   
 2  | 41906.51   
 3  | 41985.83   
 4  | 42092.42   
    |            
 3  | 41823.19   
 4  | 41917.05   
 5  | 42018.01   
 6  | 42123.77   
 7  | 42205.59   
    |            
 0  | 41871.56   
 1  | 41901.36   
 2  | 41958.51   
 3  | 42052.72   
 4  | 42184.66   
    |            
 2  | 41871.87   
 3  | 41988.39   
 4  | 42107.06   
    |            
 5  | 41895.15   
 6  | 41995.39   
    |            
 2  | 41928.528  
 1  | 41943.95   
 0  | 41959.46   
    |            
 1  | 42146.39   
 2  | 42206.88   
 3  | 42311.269  
    |            
 1  | 42194.04   
 2  | 42269.78   
 3  | 42376.45   
    |            
 1  | 42611.58   
 2  | 42724.11   
 3  | 42858.90   
    |            
 1  | 42927.55   
    |            
 1  | 43034.08   
 2  | 43080.92   
 3  | 43148.15   
 4  | 43231.99   
 5  | 43330.07   
    |            
 2  | 43467.55   
 3  | 43583.14   
 4  | 43744.55   
    |            
 4  | 43674.130  
    |            
 2  | 43710.28   
    |            
 2  | 43799.455  
    |            
 3  | 43843.82   
 4  | 43901.630  
 5  | 43971.513  
 6  | 44051.333  
 7  | 44134.639  
    |            
 1  | 43975.71   
 2  | 44079.84   
 3  | 44233.65   
    |            
 4  | 44162.44   
 5  | 44375.57   
    |            
 5  | 44163.24   
    |            
 3  | 44254.39   
 4  | 44381.17   
    |            
 2  | 44581.16   
    |            
 2  | 44824.13   
 3  | 44922.73   
 4  | 45040.81   
    |            
 1  | 44858.03   
    |            
 1  | 44966.39   
 2  | 45063.80   
 3  | 45206.27   
    |            
 0  | 45040.70   
 1  | 45090.73   
 2  | 45178.06   
    |            
 5  | 45485.35   
    |            
 3  | 45689.89   
 4  | 45711.28   
 5  | 45756.45?  
 6  | 45904.73   
    |            
 4  | 45721.878  
 5  | 45832.50   
 6  | 45960.439  
    |            
 1  | 45764.71   
 2  | 45813.01   
 3  | 45893.26   
 4  | 46007.62   
 5  | 46157.76   
    |            
 4  | 46068.04   
    |            
 2  | 46244.60   
    |            
 4  | 46257.67   
    |            
 4  | 46530.45   
    |            
 3  | 46650.26   
    |            
 3  | 46725.42   
 4  | 46838.09   
 5  | 46974.65   
    |            
 2  | 46943.91   
 3  | 47030.28   
 4  | 47139.86   
 5  | 47280.69   
 6  | 47446.84   
    |            
 3  | 47038.16   
 4  | 47194.68   
    |            
 2  | 47187.54   
 3  | 47281.90   
 4  | 47463.06   
    |            
 5  | 47777.32   
    |            
 3  | 47840.62   
 4  | 47913.61   
 5  | 47994.32   
 6  | 48106.83   
 7  | 48262.83   
    |            
 2  | 47870.61   
 3  | 47936.79   
 4  | 48018.08   
 5  | 48119.47   
 6  | 48233.47   
    |            
 1  | 48058.85   
 2  | 48107.42   
 3  | 48208.87   
 4  | 48328.81   
 5  | 48462.11   
    |            
 3  | 48059.82   
 4  | 48186.11   
    |            
 3  | 48365.09   
    |            
 2  | 48519.21   
 3  | 48588.28   
 4  | 48672.66   
 5  | 48771.73   
    |            
 2  | 48724.34   
 1  | 48724.83   
 3  | 48839.74   
    |            
 0  | 48802.32   
 1  | 48859.51   
 2  | 48915.07   
 3  | 49024.43   
 4  | 49036.46   
    |            
 2  | 49571.69   
 3  | 49619.72   
    |            
 2  | 50128.08   
    |            
 4  | 52125.98   
    |            
 1  | 53663.32   
###          
