Do    sigma     #states
6.87   1       19
state   Te       gel     Be    alfe      we       wxe
X       0.0       2     0.5355  0.00303  1008.26   4.13
X      96.4       2     0.5355  0.00303  1008.26   4.13
X     197.5       2     0.5355  0.00303  1008.26   4.13
E   11800.0       6     0.5134  0.0029   919.      3.8
A   14019.4       2     0.50734 0.00318  867.71    3.94
A   14192.3       2     0.50734 0.00318  867.71    3.94
A   14360.7       2     0.50734 0.00318  867.71    3.94
B   16226.4       2     0.5079  0.0032   873.      4.0
B   16248.0       2     0.5079  0.0032   873.      4.0
B   16264.2       2     0.5079  0.0032   873.      4.0
C   19341.7       2     0.4889  0.0029   837.86    4.546
C   19437.4       2     0.4889  0.0029   837.86    4.546
C   19531.6       2     0.4889  0.0029   837.86    4.546
#  6 uncertain
a     1000.       2     0.5377  0.003    1016.3    3.93
d     3219.       1     0.5490  0.00337  1023.8    4.64
b     12273.      2     0.5135  0.00286   918.7    3.75
c     18841.      2     0.5228  0.0032    916.7    4.33
f     20069.      2     0.5037  0.003     933.     4.2
e     27517.      1     0.4892  0.0025    853.9    4.7
###
