                          T(K)     1.0000e+03     2.0000e+03     3.0000e+03     4.0000e+03     5.0000e+03     6.0000e+03     7.0000e+03     8.0000e+03     9.0000e+03     1.0000e+04
 
             H2              D     4.47800700
             H2           D_ST     4.47810000
             H2              Q     6.1598e+00     1.3084e+01     2.2268e+01     3.4601e+01     5.0762e+01     7.1151e+01     9.5876e+01     1.2485e+02     1.5791e+02     1.9487e+02
             H2           Q_ST     6.0438e+00     1.2556e+01     2.0794e+01     3.1220e+01     4.4104e+01     5.9703e+01     7.8279e+01     1.0008e+02     1.2529e+02     1.5408e+02
             H2      log10(Kp)    -1.2296e+01    -5.8456e-01     3.3869e+00     5.3899e+00     6.5944e+00     7.3973e+00     7.9713e+00     8.4034e+00     8.7424e+00     9.0167e+00
             H2   log10(Kp)_ST    -1.2281e+01    -5.6212e-01     3.4211e+00     5.4386e+00     6.6589e+00     7.4760e+00     8.0603e+00     8.4977e+00     8.8364e+00     9.1055e+00
 
             CH              D     3.46960000
             CH           D_ST     3.46500000
             CH              Q     2.0769e+02     4.8216e+02     9.0441e+02     1.5237e+03     2.3871e+03     3.5484e+03     5.0663e+03     6.9966e+03     9.3868e+03     1.2273e+04
             CH           Q_ST     2.0556e+02     4.7206e+02     8.7569e+02     1.4584e+03     2.2553e+03     3.3040e+03     4.6454e+03     6.3214e+03     8.3706e+03     1.0826e+04
             CH      log10(Kp)    -7.7077e+00     1.4330e+00     4.5198e+00     6.0702e+00     6.9994e+00     7.6158e+00     8.0526e+00     8.3779e+00     8.6300e+00     8.8321e+00
             CH   log10(Kp)_ST    -7.6656e+00     1.4658e+00     4.5493e+00     6.1001e+00     7.0317e+00     7.6516e+00     8.0922e+00     8.4202e+00     8.6731e+00     8.8731e+00
 
             NH              D     3.47000000
             NH           D_ST     3.47000000
             NH              Q     1.3129e+02     2.9386e+02     5.2009e+02     8.2682e+02     1.2344e+03     1.7700e+03     2.4662e+03     3.3577e+03     4.4782e+03     5.8579e+03
             NH           Q_ST     1.2985e+02     2.8783e+02     5.0400e+02     7.9167e+02     1.1654e+03     1.6431e+03     2.2452e+03     2.9932e+03     3.9085e+03     5.0112e+03
             NH      log10(Kp)    -7.8336e+00     1.3130e+00     4.4195e+00     5.9886e+00     6.9352e+00     7.5670e+00     8.0175e+00     8.3544e+00     8.6165e+00     8.8271e+00
             NH   log10(Kp)_ST    -7.8287e+00     1.3279e+00     4.4359e+00     6.0088e+00     6.9606e+00     7.5988e+00     8.0563e+00     8.4000e+00     8.6675e+00     8.8812e+00
 
             OH              D     4.41710000
             OH           D_ST     4.39200000
             OH              Q     1.5753e+02     3.3750e+02     5.7770e+02     8.9117e+02     1.2881e+03     1.7808e+03     2.3846e+03     3.1165e+03     3.9926e+03     5.0270e+03
             OH           Q_ST     1.5626e+02     3.3199e+02     5.6322e+02     8.6041e+02     1.2301e+03     1.6795e+03     2.2165e+03     2.8499e+03     3.5882e+03     4.4390e+03
             OH      log10(Kp)    -1.2375e+01    -8.0027e-01     3.1247e+00     5.1092e+00     6.3089e+00     7.1124e+00     7.6874e+00     8.1184e+00     8.4534e+00     8.7213e+00
             OH   log10(Kp)_ST    -1.2231e+01    -7.1903e-01     3.1845e+00     5.1608e+00     6.3579e+00     7.1620e+00     7.7398e+00     8.1751e+00     8.5147e+00     8.7871e+00
 
             C2              D     6.37100000
             C2           D_ST     6.21000000
             C2              Q     8.0146e+02     3.0028e+03     6.7585e+03     1.2433e+04     2.0390e+04     3.0983e+04     4.4572e+04     6.1555e+04     8.2379e+04     1.0754e+05
             C2           Q_ST     7.9871e+02     2.9820e+03     6.6866e+03     1.2252e+04     2.0009e+04     3.0264e+04     4.3310e+04     5.9440e+04     7.8954e+04     1.0216e+05
             C2      log10(Kp)    -2.1063e+01    -4.8100e+00     6.3953e-01     3.3763e+00     5.0242e+00     6.1268e+00     6.9176e+00     7.5132e+00     7.9789e+00     8.3535e+00
             C2   log10(Kp)_ST    -2.0244e+01    -4.3998e+00     9.1513e-01     3.5864e+00     5.1964e+00     6.2739e+00     7.0463e+00     7.6274e+00     8.0807e+00     8.4443e+00
 
             CN              D     7.73700000
             CN           D_ST     7.76000000
             CN              Q     7.7931e+02     1.9321e+03     3.6521e+03     6.0808e+03     9.3719e+03     1.3673e+04     1.9136e+04     2.5928e+04     3.4244e+04     4.4325e+04
             CN           Q_ST     7.7738e+02     1.9223e+03     3.6239e+03     6.0169e+03     9.2458e+03     1.3447e+04     1.8756e+04     2.5317e+04     3.3285e+04     4.2830e+04
             CN      log10(Kp)    -2.8218e+01    -8.3537e+00    -1.6868e+00     1.6603e+00     3.6757e+00     5.0252e+00     5.9948e+00     6.7272e+00     7.3016e+00     7.7650e+00
             CN   log10(Kp)_ST    -2.8331e+01    -8.4079e+00    -1.7277e+00     1.6167e+00     3.6241e+00     4.9642e+00     5.9244e+00     6.6485e+00     7.2162e+00     7.6755e+00
 
             CO              D    11.11700000
             CO           D_ST    11.09200000
             CO              Q     3.8024e+02     9.2819e+02     1.7171e+03     2.7599e+03     4.0659e+03     5.6444e+03     7.5075e+03     9.6738e+03     1.2176e+04     1.5069e+04
             CO           Q_ST     3.7943e+02     9.2402e+02     1.7052e+03     2.7342e+03     4.0178e+03     5.5628e+03     7.3763e+03     9.4662e+03     1.1841e+04     1.4511e+04
             CO      log10(Kp)    -4.4597e+01    -1.6186e+01    -6.6622e+00    -1.8757e+00     1.0115e+00     2.9472e+00     4.3381e+00     5.3876e+00     6.2086e+00     6.8685e+00
             CO   log10(Kp)_ST    -4.4470e+01    -1.6121e+01    -6.6171e+00    -1.8398e+00     1.0425e+00     2.9753e+00     4.3645e+00     5.4132e+00     6.2345e+00     6.8963e+00
