 5.39172	 75.64018	 122.45429
 9.3227 	 18.21116	 153.89661
 8.29803	 25.15484	 37.93064 
 11.26030	 24.38332	 47.8878 
 14.53414	 29.6013	 47.44924 
 13.61806	 35.11730	 54.9355 
 17.42282	 34.97082	 62.7084 
 21.5646	 40.96328	 63.45   
 5.13908	 47.2864	 71.6200 
 7.64624	 15.03528	 80.1437 
 5.98577	 18.82856	 28.44765 
 8.15169	 16.34585	 33.49302 
 10.48669	 19.7694	 30.2027 
 10.36001	 23.3379	 34.79   
 12.96764	 23.814 	 39.61   
 15.75962	 27.62967	 40.74   
 4.34066	 31.63  	 45.806  
 6.11316	 11.87172	 50.9131 
 6.5615 	 12.79967	 24.75666 
 6.8281 	 13.5755	 27.4917 
 6.7462 	 14.66  	 29.311  
 6.7665 	 16.4857	 30.96   
 7.43402	 15.63999	 33.668  
 7.9024 	 16.1878	 30.652  
 7.8810 	 17.083 	 33.50   
 7.6398 	 18.16884	 35.19   
 7.72638	 20.29240	 36.841  
 9.3942 	 17.96440	 39.723  
 5.99930	 20.5142	 30.71   
 7.8994 	 15.93462	 34.2241 
 9.7886 	 18.633 	 28.351  
 9.75238	 21.19  	 30.8204 
 11.81381	 21.8		 36	 
 13.99961	 24.35985	 36.950  
 4.17713	 27.285 	 40	 
 5.6949 	 11.03013	 42.89   
 6.2171 	 12.24  	 20.52   
 6.63390	 13.13  	 22.99   
 6.75885	 14.32  	 25.04   
 7.09243	 16.16  	 27.13   
 7.28		 15.26  	 29.54
 7.36050	 16.76  	 28.47
 7.45890	 18.08  	 31.06
 8.3369 	 19.43  	 32.93
 7.5762 	 21.49  	 34.83
 8.9938 	 16.90832	 37.48
 5.78636	 18.8698	 28.03   
 7.3439 	 14.63225	 30.50260 
 8.6084 	 16.53051	 25.3	 
 9.0096 	 18.6		 27.96   
 10.45126	 19.1313	 33
 12.1298	 21.20979	 32.1230
 3.89390	 23.15745	 -1
 5.21170	 10.00390	 -1
 5.5769 	 11.060 	 19.1773 
 5.5387 	 10.85  	 20.198  
 5.473  	 10.55  	 21.624  
 5.5250 	 10.73  	 22.1	 
 5.582  	 10.90  	 22.3	 
 5.6436 	 11.07  	 23.4	 
 5.6704 	 11.241 	 24.92   
 6.1501 	 12.09  	 20.63   
 5.8638 	 11.52  	 21.91   
 5.9389 	 11.67  	 22.8		 
 6.0215 	 11.80  	 22.84  	 
 6.1077 	 11.93  	 22.74  	 
 6.18431	 12.05  	 23.68  	 
 6.25416	 12.1761	 25.05  	 
 5.4259 	 13.9		 20.9594	 
 6.82507	 14.9		 23.3		 
 7.5496 	 -1		 -1
 7.8640 	 -1		 -1
 7.8335 	 -1		 -1
 8.4382 	 -1		 -1
 8.9670 	 -1		 -1
 8.9587 	 18.563 	 -1		 
 9.2255 	 20.5		 -1		 
 10.43750	 18.756 	 34.2		 
 6.1082 	 20.428 	 29.83
 7.41666	 15.0322	 31.9373	 
 7.2856 	 16.69  	 25.56  	 
 8.417  	 -1		 -1
 -1		 -1		 -1
 10.74850	 -1		 -1
 4.0727 	 -1		 -1
 5.2784 	 10.14716	 -1		 
 5.17		 12.1		 -1		 
 6.3067 	 11.5		 20.0
 5.89		 -1		 -1
 6.19405	 -1		 -1
