520.2 	7298.1 	11815.0
899.5 	1757.1 	14848.7
800.6 	2427.1 	3659.7 
1086.5 	2352.6 	4620.5 
1402.3 	2856 	4578.1 
1313.9 	3388.3 	5300.5 
1681.0 	3374.2 	6050.4 
2080.7 	3952.3 	6122 
495.8 	4562 	6910.3 
737.7 	1450.7 	7732.7 
577.5 	1816.7 	2744.8 
786.5 	1577.1 	3231.6 
1011.8 	1907 	2914.1 
999.6 	2252 	3357 
1251.2 	2298 	3822 
1520.6 	2665.8 	3931 
418.8 	3052 	4420 
589.8 	1145.4 	4912.4 
633.1 	1235.0 	2388.6 
658.8 	1309.8 	2652.5 
650.9 	1414 	2830 
652.9 	1590.6 	2987 
717.3 	1509.0 	3248 
762.5 	1561.9 	2957 
760.4 	1648 	3232 
737.1 	1753.0 	3395 
745.5 	1957.9 	3555 
906.4 	1733.3 	3833 
578.8 	1979.3 	2963 
762 	1537.5 	3302.1 
947.0 	1798 	2735 
941.0 	2045 	2973.7 
1139.9 	2103 	3470 
1350.8 	2350.4 	3565 
403.0 	2633 	3860 
549.5 	1064.2 	4138 
600 	1180 	1980 
640.1 	1270 	2218 
652.1 	1380 	2416 
684.3 	1560 	2618 
702 	1470 	2850
710.2 	1620 	2747
719.7 	1740 	2997
804.4 	1870 	3177
731.0 	2070 	3361
867.8 	1631.4 	3616
558.3 	1820.7 	2704 
708.6 	1411.8 	2943.0 
834 	1594.9 	2440 
869.3 	1790 	2698 
1008.4 	1845.9 	3180
1170.4 	2046.4 	3099.4
375.7 	2234.3 	3400
502.9 	965.2 	3600
538.1 	1067 	1850.3 
534.4 	1050 	1949 
527 	1020 	2086 
533.1 	1040 	2130 
540 	1050 	2150 
544.5 	1070 	2260 
547.1 	1085 	2404 
593.4 	1170 	1990 
565.8 	1110 	2114 
573.0 	1130 	2200 
581.0 	1140 	2204 
589.3 	1150 	2194 
596.7 	1160 	2285 
603.4 	1174.8 	2417 
523.5 	1340 	2022.3 
658.5 	1440 	2250 
761 	1500    -1
770 	1700    -1
760 	1260 	2510 
840 	1600    -1
880 	1600    -1
870 	1791    -1
890.1 	1980    -1
1007.1 	1810 	3300
589.4 	1971 	2878
715.6 	1450.5 	3081.5 
703 	1610 	2466 
812.1   -1      -1
890     -1      -1
1037    -1      -1
380     -1      -1
509.3 	979.0   -1
499 	1170    -1
587 	1110 	1930 
568     -1      -1
597.6 	1420    -1
