1   H       13.598443 60. 90.
1   D       14.9      60. 90.
2   He      24.587387 54.417760 90.
3   Li      5.392 75.64 122.5
4   Be      9.323 18.21 153.9
5   B       8.298 25.16 37.93
6   C       11.26 24.38 47.89
7   N       14.53 29.60 47.45
8   O       13.62 35.12 54.94
9   F       17.42 34.97 62.71
10   Ne     21.56 40.96 63.46
11   Na     5.139 47.29 71.62
12   Mg     7.646 15.04 80.14
13   Al     5.986 18.83 28.45
14   Si     8.152 16.35 33.49
15   P      10.49 19.77 30.20
16   S      10.36 23.34 34.83
17   Cl     12.97 23.81 39.61
18   Ar     15.76 27.63 40.91
19   K      4.340 31.63 45.81
20   Ca     6.113 11.87 50.91
21   Sc     6.562 12.80 24.76
22   Ti     6.828 13.58 27.49
23   V      6.746 14.66 29.31
24   Cr     6.766 16.50 31.0
25   Mn     7.434 15.64 33.67
26   Fe     7.902 16.19 30.65
27   Co     7.881 17.08 33.5
28   Ni     7.640 18.17 35.3
29   Cu     7.726 20.29 36.84
30   Zn     9.394 17.96 39.72
31   Ga     5.999 20.52 30.73
32   Ge     7.899 15.94 34.2
33   As     9.789 18.59 28.4
34   Se     9.752 21.16 30.82
35   Br     11.81 21.81 35.9
36   Kr     14.00 24.36 36.95
37   Rb     4.177 27.29 39.2
38   Sr     5.695 11.03 42.88
39   Y      6.217 12.22 20.53
40   Zr     6.634 13.13 23.1
41   Nb     6.579 14.32 25.0
42   Mo     7.092 16.16 27.2
43   Tc     7.28 15.26 29.5
44   Ru     7.361 16.76 28.5
45   Rh     7.459 18.08 31.1
46   Pd     8.337 19.43 32.9
47   Ag     7.576 21.49 34.8
48   Cd     8.994 16.91 37.47
49   In     5.786 18.87 28.0
50   Sn     7.344 14.63 30.50
51   Sb     8.608 16.53 25.32
52   Te     9.010 18.6 27.96
53   I      10.45 19.13 33.0
54   Xe     12.13 20.98 31.0
55   Cs     3.894 23.16 33.4
56   Ba     5.212 10.00 35.8
57   La     5.577 11.1 19.18
58   Ce     5.539 10.8 20.20
59   Pr     5.473 10.6 21.62
60   Nd     5.525 10.7 22.1
61   Pm     5.582 10.9 22.3
62   Sm     5.644 11.1 23.4
63   Eu     5.670 11.24 24.9
64   Gd     6.150 12.1 20.6
65   Tb     5.864 11.5 21.9
66   Dy     5.939 11.7 22.8
67   Ho     6.022 11.8 22.8
68   Er     6.108 11.9 22.7
69   Tm     6.184 12.1 23.7
70   Yb     6.254 12.18 25.05
71   Lu     5.426 13.9 20.96
72   Hf     6.825 14.9 23.3
73   Ta     7.550 16.2 60.
74   W      7.864 17.7 60.
75   Re     7.834 16.6 60.
76   Os     8.348 17.0 60.
77   Ir     8.967 30. 60.
78   Pt     8.959 18.56 60.
79   Au     9.226 20.5 34.
80   Hg     10.44 18.76 34.2
81   Tl     6.108 20.43 29.85
82   Pb     7.417 15.03 31.94
83   Bi     7.286 16.70 25.56
84   Po     8.417 19.0 60.
85   At     9.0 30. 60.
86   Rn     10.75 30. 60.
87   Fr     4.073 22.0 60.
88   Ra     5.278 10.15 60.
89   Ac     5.17 11.75 20.
90   Th     6.307 11.9 18.3
91   Pa     5.89 12.0 0.
92   U      6.194 11.9 60.
