50
149
262
272
291
298
366
418
562
593
772
807
808
821
1336
1368
1405
1617
1839
1923
2104
2131
2489
2579
2581
2592
2634
2832
2911
3039
3138
3149
3272
3315
3465
3466
3486
3488
3511
3526
3536
3546
3620
3641
3674
3680
3682
3936
3974
3977
4197
4218
4231
4320
4327
4389
4457
4687
4714
4893
4958
4979
4995
5413
5704
5789
5813
5815
5996
6231
6396
6407
6413
6416
6684
6756
6771
6829
7147
7185
7188
7213
7215
7237
7256
7288
7360
7378
7432
7743
7752
8105
8771
8826
8844
8948
9019
9025
9039
9088
9091
9102
9171
9172
9267
9299
9404
9419
9429
9430
9542
9735
9805
9882
9887
10032
10083
10358
10502
10511
10512
10559
10573
10664
10767
10932
10943
10987
11151
11267
11384
11494
11520
11569
11572
11604
11631
11702
11755
11760
11793
11817
11823
11835
11924
11950
11975
11993
12013
12037
12088
12120
12158
12172
12177
12180
12196
12264
12312
12354
12392
12547
12548
12707
12967
13039
13153
13237
13354
13998
14027
14078
14156
14280
14446
14506
14671
14858
15024
15043
15123
15205
15237
15291
15300
15340
15349
15350
15449
15918
15947
16139
16316
16325
16328
16353
16364
16370
16577
17163
17219
17221
17223
17457
17870
17885
17933
18290
18318
18327
18349
18355
18361
18362
18473
18847
900001