CH      3.4650   10.5263 -0.5284 -0.7239  0.0000  0.0000  0.0000   3.3586 -2.0656  0.9624 -0.2239  0.0000
NH      3.4700   10.4609 -0.7387 -0.5713  0.0000  0.0000  0.0000   3.0735 -1.8501  0.9607 -0.3935  0.0000
OH      4.3920   10.7881 -0.8762 -0.5436  0.0000  0.0000  0.0000   3.0929 -1.6778  0.6743 -0.1874  0.0000
HF      5.8690   11.2835 -0.9228 -0.5642  0.0000  0.0000  0.0000   2.4164 -1.6132  0.6357 -0.1767  0.0000
NaH     1.8800    9.7127 -0.3175  0.2445 -2.4962  2.0332  0.0000   3.5453 -2.3457  0.8557 -0.1685  0.0000
MgH     1.3400    9.2846 -0.3587 -0.1220 -1.5627  1.3047  0.0000   3.6704 -2.2682  0.9354 -0.2597  0.0000
AlH     3.0600   10.3999  0.0733 -1.6121  0.0063  0.7650  0.0000   3.3209 -2.5909  1.7415 -0.7636  0.0000
SiH     3.0600   10.2379 -0.7143 -0.6404  0.1156  0.0000  0.0000   3.6908 -1.9801  0.7704 -0.2247  0.0000
SH      3.5500   10.4145 -0.8190 -0.5524  0.0000  0.0000  0.0000   3.4935 -1.8385  0.5852  0.0000  0.0000
HCl     4.4336   10.9013 -0.8274 -0.5974  0.0000  0.0000  0.0000   2.8005 -1.7476  0.5310  0.0000  0.0000
CaH     1.7000    9.1952 -0.8802  1.1610 -2.5221  1.3514  0.0000   3.8411 -2.3891  1.3578 -0.6839  0.0000
CN      7.7600   11.4479 -0.4840 -0.4160 -0.9435  0.8380  0.0000   4.0078 -2.1514  0.9226 -0.1671  0.0000
CO     11.0920   12.2263 -0.8829 -0.1230 -0.3226  0.0000  0.0000   3.6076 -1.7608  0.4172  0.0000  0.0000
SiC     4.6400   10.8445 -0.9184  0.1532 -0.3771  0.0000  0.0000   5.1477 -1.8671  0.2404  0.0000  0.0000
CS      7.3550   11.8298 -0.8130 -0.5170  1.1553 -1.2249  0.0000   4.1646 -1.9348  0.8034 -1.3669  1.1561
NO      6.4968   11.2253 -0.8143  0.0446 -0.4529  0.0000  0.0000   4.3073 -1.8255  0.3765  0.0000  0.0000
SiN     0.0000   11.0504 -0.4223 -0.4462 -0.2266  0.0000  0.0000   4.6570 -2.3587  0.8819 -0.1642  0.0000
NS      4.8000   10.9036 -0.7786  0.0941 -0.3808  0.0000  0.0000   4.8052 -1.9619  0.3140  0.0000  0.0000
NO+    10.8506   11.6210 -0.8373  0.0676 -1.0507  0.6864  0.0000   3.5649 -1.7328  0.4241  0.0000  0.0000
BO      8.2800   11.6221 -0.7011 -0.4788  0.0000  0.0000  0.0000   3.9953 -1.8665  0.5965 -0.1617  0.0000
MgO     3.5300    9.7780 -0.0290  1.1725 -1.1724  0.0000  0.0000   5.3182 -2.6502 -0.2781 -0.7823  1.3107
AlO     5.2700   10.9663  0.0703 -0.2742 -1.4863  0.9291  0.0000   4.9191 -2.6291  0.5831  0.3163  0.0000
SiO     8.2600   11.8772 -0.8349 -0.5248  1.1271 -1.1984  0.0000   4.2275 -1.9144  0.7201 -1.3099  1.1657
SO      5.3590   11.3119 -0.5729 -0.3278 -0.2574  0.0000  0.0000   4.7963 -2.1308  0.5224  0.0000  0.0000
ScO     6.9600   11.5015 -1.1288  0.8607 -0.9294  0.0000  0.0000   4.8065 -2.2129  0.9991 -0.5414  0.0000
TiO     6.8700   11.4047 -1.1484  0.6478 -0.6737  0.0000  0.0000   5.3051 -2.3739  0.8940 -0.3641  0.0000
VO      6.4100   11.8610 -1.1543  0.0357 -0.4292  0.0000  0.0000   5.0687 -2.2186  0.9545 -0.4592  0.0000
CrO     4.4000   10.7452 -1.4464  1.4416 -1.1862  0.0000  0.0000   5.5270 -2.1311  0.6523 -0.2533  0.0000
FeO     4.2000   11.1428 -1.0307  0.5711 -0.9041  0.0000  0.0000   5.5642 -2.1947  0.5065  0.0000  0.0000
YO      7.2900   11.4412 -1.3967  1.1101 -0.6405 -0.5930  0.0000   4.9515 -2.0866  0.6565 -0.3082  0.0000
ZrO     7.8500   11.5031 -1.1916  0.5692 -0.1795  0.0000  0.0000   5.3279 -2.4694  0.2164 -0.2313  0.0000
LaO     8.2300   11.6727 -1.4495 -0.1148 -0.7551  0.8494  0.0000   5.1147 -2.5016  1.0445 -0.3135  0.0000
AlF     6.8900   11.2299 -0.4816 -0.4865  0.0000  0.0000  0.0000   4.5405 -2.1033  0.6208 -0.2930  0.0000
CaF     5.4800    9.9724 -1.0667  1.5919 -2.3628  0.9265  0.0000   5.2010 -2.2653  0.8941 -0.5384  0.0000
MgS     2.4000   10.2940 -0.6300  0.4199 -1.5174  1.0087  0.0000   5.0367 -2.1625  0.4859 -0.1780  0.0000
AlS     3.8400   10.8924 -0.5704 -0.3551  0.0000  0.0000  0.0000   5.2461 -2.1319  0.5340 -0.2309  0.0000
SiS     6.4200   11.5515 -0.8733  0.0208 -0.2837  0.0000  0.0000   4.8026 -1.9753  0.2600  0.0000  0.0000
TiS     4.7500   11.1227 -1.4043  0.9862 -0.7360  0.0000  0.0000   5.8948 -2.2183  0.5928 -0.3106  0.0000
LiCl    4.8400   10.3223 -0.5527  0.2688 -1.5692  1.1464  0.0000   4.5605 -2.2216  0.5760 -0.1706  0.0000
NaCl    4.2300   10.1005 -0.4344  0.7696 -3.0544  2.3313  0.0000   5.3364 -2.2844  0.2820  0.1185  0.0000
AlCl    5.1200   10.8455 -0.3966 -0.7300  0.3184  0.0000  0.0000   5.1115 -2.2303  0.8001 -0.5192  0.0000
KCl     4.3400    9.9705 -0.7106  1.6598 -3.9857  2.6197  0.0000   5.6860 -2.3016  0.2086  0.1763  0.0000
CaCl    4.0900    9.6477 -1.0163  1.5882 -2.6090  1.2516  0.0000   5.7494 -2.3340  0.8685 -0.5306  0.0000 
H2      4.4781   11.1759 -0.8735 -0.7470  0.2748  0.0000  0.0000   1.6498 -1.6265  0.7472 -0.2751  0.0000
H2+     2.6508    9.9835 -0.0664 -1.4979 -0.0195  0.7486  0.0000   2.5410 -2.4336  1.4979  0.0192 -0.7483
H2-     0.7300   11.1759 -0.8735 -0.7470  0.2748  0.0000  0.0000   1.9508 -1.6265  0.7472 -0.2751  0.0000
C2      6.2100   11.4576 -0.4458 -0.1818  0.0000  0.0000  0.0000   4.3091 -2.2406  0.4865 -0.2049  0.0000
N2      9.7594   11.8838 -0.8915  0.2929 -1.4220  0.9007  0.0000   3.2643 -1.7303  0.4192  0.0000  0.0000
O2      5.1156   11.8558 -0.5309 -0.6214  0.0000  0.0000  0.0000   4.0636 -2.0779  0.7660 -0.2111  0.0000
Al2     1.5500   10.3474 -0.2333 -0.2761 -0.7144  0.6243  0.0000   5.5538 -2.3365  0.5754 -0.2119  0.0000
Si2     3.2100   11.0799 -0.7830 -0.3694  0.8076 -0.8107  0.0000   5.2617 -2.1485  0.5647 -0.2985  0.0000
S2      4.3693   11.2917 -0.6065 -0.1125 -0.3562  0.0000  0.0000   5.0796 -2.1967  0.4101  0.0000  0.0000
end
